1225	osa10019928	6	28318106:28318106	T/A	0.491057	T	grain silica concentration	9.53e-06			35371188		Biochemical(103)		28318106	yes	T/T
1757	osa10075465	6	29651165:29651165	G/A	0.381316	G	grain number per plant	0.000104	18.2		29872443		Yield(14)		29651165	yes	G/G
3201	osa10262483	7	2961214:2961214	C/T	0.127408	T	days to heading	6.2e-06			33333227		Plantgrowth_Development(17)		2961214	yes	T/T
3202	osa10262925	7	2970911:2970911	G/C	0.0167793	C	days to heading	1.9e-06			33333227		Plantgrowth_Development(17)		2970911	yes	C/C
3203	osa10262925	7	2970911:2970911	G/C	0.0167793	C	days to heading	4.7e-07			33333227		Plantgrowth_Development(17)		2970911	yes	C/C
3204	osa10262925	7	2970911:2970911	G/C	0.0167793	C	days to heading	4.7e-07			33333227		Plantgrowth_Development(17)		2970911	yes	C/C
3598	osa1029422	1	21225370:21225370	A/G	0.32068	A	cold tolerance	4.07e-07			26381647		Stress(66)		21225370	yes	A/A
3887	osa10371842	7	5359262:5359262	C/T	0.411708	C	chlorophyll content	1.29e-06			30796281		Biochemical(103)		5359262	yes	C/C
3912	osa1038086	1	21468682:21468682	T/C	0.429537	T	germination index	0.000853			28282385		Plantvigor(23)		21468682	yes	T/T
8866	osa10406048	7	6102792:6102792	T/C	0.112707	T	straighthead disorder severity rate	7.08e-06			35371188		Plantmorphology(191)		6102792	yes	T/T
9084	osa10418837	7	6357186:6357186	T/A	0.434841	T	amylose percent	9.12e-06			27881726		Biochemical(103)		6357186	yes	T/T
9085	osa10418837	7	6357186:6357186	T/A	0.434841	T	amylopectin percent	9.46e-06			27881726		Biochemical(103)		6357186	yes	T/T
9086	osa10418837	7	6357186:6357186	T/A	0.434841	T	amylose 1 (true amylose chains) percent	2.39e-06			27881726		Biochemical(103)		6357186	yes	T/T
9087	osa10418837	7	6357186:6357186	T/A	0.434841	T	amylose 2 (long chain amylopectin) percent	0.000579			27881726		Biochemical(103)		6357186	yes	T/T
9088	osa10418837	7	6357186:6357186	T/A	0.434841	T	short-chain amylopectin percent	3.86e-06			27881726		Biochemical(103)		6357186	yes	T/T
9164	osa104321	1	2320634:2320634	T/A	0.256771	T	arsenic content trait	5.18e-05			31332547		Biochemical(103)		2320634	yes	T/T
9283	osa10465910	7	7240776:7240776	G/A	0.38478	G	grain selenium concentrations	3.89e-20	10.47		31734869		Biochemical(103)		7240776	yes	G/G
9500	osa10475172	7	7451789:7451789	A/G	0.351754	A	grain cd concentrations	0.000352	9.75		30465288		Biochemical(103)		7451789	yes	A/A
9522	osa10482829	7	7592965:7592965	A/G	0.362966	A	grain cd concentrations	8.32e-09			33627887		Biochemical(103)		7592965	yes	A/A
9719	osa10493858	7	7776803:7776803	G/A	0.274109	G	panicle length	5.98e-07			34487253		Plantmorphology(191)		7776803	yes	G/G
9821	osa10517762	7	8178376:8178376	T/C	0.327623	T	sulfur content	3.47e-06			35371188		Biochemical(103)		8178376	yes	T/T
9822	osa10517762	7	8178376:8178376	T/C	0.327623	T	sulfur content	3.55e-09		1.0	35371188		Biochemical(103)		8178376	yes	T/T
9868	osa10533746	7	8453397:8453397	G/T	0.390613	G	grain silica concentration	6.31e-06			35371188		Biochemical(103)		8453397	yes	G/G
9924	osa10544735	7	8625615:8625615	A/G	0.120964	A	days to heading	1.27e-12			34610789		Plantgrowth_Development(17)		8625615	yes	A/A
9925	osa10544735	7	8625615:8625615	A/G	0.120964	A	days to heading	8.85e-13			34610789		Plantgrowth_Development(17)		8625615	yes	A/A
11391	osa10577433	7	9139388:9139388	T/C	0.114485	T	chlorophyll content	1.22e-06			30796281		Biochemical(103)		9139388	yes	T/T
11397	osa10577510	7	9141773:9141773	T/C	0.377664	T	days to heading	1.6e-06			33333227		Plantgrowth_Development(17)		9141773	yes	T/T
11413	osa10578618	7	9161046:9161046	G/A	0.430335	G	grain selenium concentrations	8.98e-11	13.34		31734869		Biochemical(103)		9161046	yes	G/G
11415	osa10578979	7	9178468:9178468	A/G	0.426743	A	days to heading	0.00024			33333227		Plantgrowth_Development(17)		9178468	yes	A/A
11416	osa10578981	7	9178493:9178493	G/A	0.444365	G	days to heading	4.7e-06			33333227		Plantgrowth_Development(17)		9178493	yes	G/G
12356	osa10586078	7	9269368:9269368	A/G	0.437816	A	chlorophyll b content	3.1e-09		1.0	25747843		Biochemical(103)		9269368	yes	A/A
12357	osa10586078	7	9269368:9269368	A/G	0.437816	A	chlorophyll ratio	1.6e-09		1.0	25747843		Biochemical(103)		9269368	yes	A/A
12508	osa10589211	7	9333927:9333927	G/A	0.349103	G	stem diameter	4.01e-11			33159401		Plantmorphology(191)		9333927	yes	G/G
12509	osa10589211	7	9333927:9333927	G/A	0.349103	G	stem diameter	4.76e-11			33159401		Plantmorphology(191)		9333927	yes	G/G
12633	osa10591099	7	9369427:9369427	G/A	0.382437	G	grain yield trait	4.52e-05			31792643		Yield(14)		9369427	yes	G/G
12715	osa10595768	7	9436130:9436130	T/C	0.333802	T	stem diameter	6.39e-11			33159401		Plantmorphology(191)		9436130	yes	T/T
12716	osa10595768	7	9436130:9436130	T/C	0.333802	T	stem diameter	6.44e-11			33159401		Plantmorphology(191)		9436130	yes	T/T
12717	osa10595770	7	9436160:9436160	T/C	0.327547	T	stem diameter	6.39e-11			33159401		Plantmorphology(191)		9436160	yes	T/T
12718	osa10595770	7	9436160:9436160	T/C	0.327547	T	stem diameter	6.44e-11			33159401		Plantmorphology(191)		9436160	yes	T/T
12728	osa10595895	7	9438551:9438551	C/T	0.333026	C	stem diameter	6.39e-11			33159401		Plantmorphology(191)		9438551	yes	C/C
12729	osa10595895	7	9438551:9438551	C/T	0.333026	C	stem diameter	6.44e-11			33159401		Plantmorphology(191)		9438551	yes	C/C
12751	osa10596261	7	9444184:9444184	A/G	0.337641	A	stem diameter	6.39e-11			33159401		Plantmorphology(191)		9444184	yes	A/A
12752	osa10596261	7	9444184:9444184	A/G	0.337641	A	stem diameter	6.44e-11			33159401		Plantmorphology(191)		9444184	yes	A/A
12759	osa10596351	7	9445433:9445433	C/T	0.428427	C	stem diameter	6.39e-11			33159401		Plantmorphology(191)		9445433	yes	C/C
12760	osa10596351	7	9445433:9445433	C/T	0.428427	C	stem diameter	6.44e-11			33159401		Plantmorphology(191)		9445433	yes	C/C
12788	osa10596739	7	9449791:9449791	A/G	0.341572	A	stem diameter	6.39e-11			33159401		Plantmorphology(191)		9449791	yes	A/A
12789	osa10596739	7	9449791:9449791	A/G	0.341572	A	stem diameter	6.44e-11			33159401		Plantmorphology(191)		9449791	yes	A/A
12790	osa10596783	7	9450439:9450439	C/T	0.334176	C	stem diameter	6.39e-11			33159401		Plantmorphology(191)		9450439	yes	C/C
12791	osa10596783	7	9450439:9450439	C/T	0.334176	C	stem diameter	6.44e-11			33159401		Plantmorphology(191)		9450439	yes	C/C
14149	osa10600908	7	9522729:9522729	G/A	0.476344	G	stem diameter	3.83e-11			33159401		Plantmorphology(191)		9522729	yes	G/G
14150	osa10600908	7	9522729:9522729	G/A	0.476344	G	stem diameter	3.1e-11			33159401		Plantmorphology(191)		9522729	yes	G/G
18392	osa10640671	7	10464313:10464313	T/C	0.236339	T	germination index	0.000952			28282385		Plantvigor(23)		10464313	yes	T/T
18427	osa10647586	7	10571697:10571697	G/A	0.403784	G	plant height	3.6e-05			31208337		Plantmorphology(191)		10571697	yes	G/G
18428	osa10647588	7	10571702:10571702	C/T	0.383879	C	plant height	0.000232			31208337		Plantmorphology(191)		10571702	yes	C/C
18430	osa10647599	7	10571773:10571773	T/C	0.335853	T	plant height	0.000146			31208337		Plantmorphology(191)		10571773	yes	T/T
18432	osa10648929	7	10597772:10597772	T/C	0.373149	T	germination index	0.000245			28282385		Plantvigor(23)		10597772	yes	T/T
19293	osa10729996	7	12379379:12379379	T/C	0.352912	T	germination index	7.05e-05			28282385		Plantvigor(23)		12379379	yes	T/T
19294	osa10730612	7	12383193:12383193	C/T	0.299973	C	relative chlorophyll content	0.000153			25371505		Biochemical(103)		12383193	yes	C/C
20194	osa10800305	7	13713694:13713694	A/G	0.25951	A	seed fertility	3.79e-05			28282385		Plantmorphology(191)		13713694	yes	A/A
20326	osa10804956	7	13816629:13816629	A/C	0.27738	A	germination index	0.000146			28282385		Plantvigor(23)		13816629	yes	A/A
20434	osa10813081	7	14085109:14085109	G/C	0.37004	G	seed fertility	0.000904			28282385		Plantmorphology(191)		14085109	yes	G/G
20557	osa1081722	1	22290853:22290853	A/G	0.0546136	A	number of ears per plant	6.92e-06			35371188		Plantmorphology(191)		22290853	yes	A/A
20558	osa1081722	1	22290853:22290853	A/G	0.0546136	A	number of ears per plant	6.92e-06			35371188		Plantmorphology(191)		22290853	yes	A/A
20585	osa10817766	7	14405259:14405259	A/G	0.391544	A	seed fertility	0.000806			28282385		Plantmorphology(191)		14405259	yes	A/A
20959	osa1088928	1	22406018:22406018	A/G	0.361621	A	grain yield trait	4.46e-05			31792643		Yield(14)		22406018	yes	A/A
21147	osa10957216	7	16921989:16921989	T/G	0.36529	T	panicle length	6.05e-07			34487253		Plantmorphology(191)		16921989	yes	T/T
21153	osa10961367	7	17017114:17017114	C/T	0.067139	T	germination rate	3.04e-08			28558653		Plantvigor(23)		17017114	yes	T/T
21295	osa10968446	7	17180368:17180368	A/G	0.371362	A	stem diameter	3.93e-12			33159401		Plantmorphology(191)		17180368	yes	A/A
21296	osa10968446	7	17180368:17180368	A/G	0.371362	A	stem diameter	5.92e-13			33159401		Plantmorphology(191)		17180368	yes	A/A
21297	osa10968446	7	17180368:17180368	A/G	0.371362	A	stem diameter	1.55e-11			33159401		Plantmorphology(191)		17180368	yes	A/A
21298	osa10968446	7	17180368:17180368	A/G	0.371362	A	stem thickness	8.47e-11			33159401		Plantmorphology(191)		17180368	yes	A/A
21303	osa10968462	7	17180452:17180452	T/C	0.385264	T	stem diameter	4.93e-13			33159401		Plantmorphology(191)		17180452	yes	T/T
21304	osa10968462	7	17180452:17180452	T/C	0.385264	T	stem diameter	1.24e-13			33159401		Plantmorphology(191)		17180452	yes	T/T
21305	osa10968462	7	17180452:17180452	T/C	0.385264	T	stem diameter	2.11e-12			33159401		Plantmorphology(191)		17180452	yes	T/T
21306	osa10968462	7	17180452:17180452	T/C	0.385264	T	stem thickness	2.8e-11			33159401		Plantmorphology(191)		17180452	yes	T/T
21307	osa10968462	7	17180452:17180452	T/C	0.385264	T	stem thickness	1.41e-11			33159401		Plantmorphology(191)		17180452	yes	T/T
21308	osa10968463	7	17180455:17180455	A/G	0.451717	A	stem diameter	4.93e-13			33159401		Plantmorphology(191)		17180455	yes	A/A
21309	osa10968463	7	17180455:17180455	A/G	0.451717	A	stem diameter	1.24e-13			33159401		Plantmorphology(191)		17180455	yes	A/A
21310	osa10968463	7	17180455:17180455	A/G	0.451717	A	stem diameter	2.11e-12			33159401		Plantmorphology(191)		17180455	yes	A/A
21311	osa10968463	7	17180455:17180455	A/G	0.451717	A	stem thickness	2.8e-11			33159401		Plantmorphology(191)		17180455	yes	A/A
21312	osa10968463	7	17180455:17180455	A/G	0.451717	A	stem thickness	1.41e-11			33159401		Plantmorphology(191)		17180455	yes	A/A
21334	osa10968523	7	17180956:17180956	T/A	0.392029	T	stem diameter	3.93e-12			33159401		Plantmorphology(191)		17180956	yes	T/T
21335	osa10968523	7	17180956:17180956	T/A	0.392029	T	stem diameter	5.92e-13			33159401		Plantmorphology(191)		17180956	yes	T/T
21336	osa10968523	7	17180956:17180956	T/A	0.392029	T	stem diameter	1.55e-11			33159401		Plantmorphology(191)		17180956	yes	T/T
21337	osa10968523	7	17180956:17180956	T/A	0.392029	T	stem thickness	8.47e-11			33159401		Plantmorphology(191)		17180956	yes	T/T
21342	osa10968552	7	17181718:17181718	T/C	0.412481	T	stem diameter	3.93e-12			33159401		Plantmorphology(191)		17181718	yes	T/T
21343	osa10968552	7	17181718:17181718	T/C	0.412481	T	stem diameter	5.92e-13			33159401		Plantmorphology(191)		17181718	yes	T/T
21344	osa10968552	7	17181718:17181718	T/C	0.412481	T	stem diameter	1.55e-11			33159401		Plantmorphology(191)		17181718	yes	T/T
21345	osa10968552	7	17181718:17181718	T/C	0.412481	T	stem thickness	8.47e-11			33159401		Plantmorphology(191)		17181718	yes	T/T
21693	osa11041877	7	18774720:18774720	T/C	0.227949	T	grain projected area	2.01e-08	5.87	1.0	25295980		Plantmorphology(191)		18774720	yes	T/T
21767	osa11059675	7	19109286:19109286	C/T	0.368916	C	stem thickness	6.16e-05			33159401		Plantmorphology(191)		19109286	yes	C/C
21775	osa11064065	7	19206537:19206537	G/A	0.462868	G	stem thickness	0.000332			33159401		Plantmorphology(191)		19206537	yes	G/G
21776	osa11064065	7	19206537:19206537	G/A	0.462868	G	stem thickness	1.16e-05			33159401		Plantmorphology(191)		19206537	yes	G/G
21779	osa11064135	7	19206918:19206918	G/A	0.462934	G	stem thickness	6e-05			33159401		Plantmorphology(191)		19206918	yes	G/G
21780	osa11064135	7	19206918:19206918	G/A	0.462934	G	stem thickness	7.12e-07			33159401		Plantmorphology(191)		19206918	yes	G/G
21781	osa11064195	7	19207675:19207675	G/A	0.468195	G	stem thickness	1.57e-06			33159401		Plantmorphology(191)		19207675	yes	G/G
21782	osa11064195	7	19207675:19207675	G/A	0.468195	G	stem thickness	0.000145			33159401		Plantmorphology(191)		19207675	yes	G/G
21915	osa11104018	7	20000802:20000802	T/C	0.283342	T	germination index	8.39e-05			28282385		Plantvigor(23)		20000802	yes	T/T
22016	osa11124608	7	20475568:20475568	T/C	0.224075	T	flag leaf lamina width	4.39e-06	12.81		34677716		Plantmorphology(191)		20475568	yes	T/T
22017	osa11124608	7	20475568:20475568	T/C	0.224075	T	flag leaf area	2.29e-06	9.9		34677716		Plantmorphology(191)		20475568	yes	T/T
22023	osa11131956	7	20603914:20603914	T/C	0.245463	T	arsenic content trait	0.000219			31194746		Biochemical(103)		20603914	yes	T/T
22379	osa11202502	7	22028173:22028173	A/C	0.388097	A	days to heading	2.57e-06			35371188		Plantgrowth_Development(17)		22028173	yes	A/A
22556	osa11225932	7	22527384:22527384	C/T	0.393277	C	panicle inflorescence exsertion	3.41e-05			31535313		Plantmorphology(191)		22527384	yes	C/C
22573	osa11228191	7	22582951:22582951	C/T	0.440134	C	germination index	0.000197			28282385		Plantvigor(23)		22582951	yes	C/C
22621	osa11232434	7	22704633:22704633	T/C	0.357622	T	amylose content	1.46e-10		1.0	32303966		Biochemical(103)		22704633	yes	T/T
22646	osa11235090	7	22762606:22762606	A/G	0.297045	A	panicle inflorescence exsertion	3.42e-05			31535313		Plantmorphology(191)		22762606	yes	A/A
24894	osa11273461	7	23729744:23729744	G/A	0.461898	G	grain length to width ratio	8.88e-09	21.41		25785447		Plantmorphology(191)		23729744	yes	G/G
24895	osa11273461	7	23729744:23729744	G/A	0.461898	G	grain length	0.000656	6.52		25785447		Plantmorphology(191)		23729744	yes	G/G
24896	osa11273461	7	23729744:23729744	G/A	0.461898	G	grain width	2.37e-05	12.9		25785447		Plantmorphology(191)		23729744	yes	G/G
24897	osa11273461	7	23729744:23729744	G/A	0.461898	G	grain length to width ratio	0.000284	14.27		25785447		Plantmorphology(191)		23729744	yes	G/G
25290	osa11280832	7	23920449:23920449	G/A	0.435644	G	grain width	0.000488	10.59		25785447		Plantmorphology(191)		23920449	yes	G/G
25291	osa11280832	7	23920449:23920449	G/A	0.435644	G	grain length to width ratio	2.05e-07	19.42		25785447		Plantmorphology(191)		23920449	yes	G/G
25292	osa11280832	7	23920449:23920449	G/A	0.435644	G	grain length	0.000593	6.57		25785447		Plantmorphology(191)		23920449	yes	G/G
25293	osa11280834	7	23920508:23920508	G/A	0.479747	G	grain width	0.000239	11.07		25785447		Plantmorphology(191)		23920508	yes	G/G
25294	osa11280834	7	23920508:23920508	G/A	0.479747	G	grain length to width ratio	2.12e-07	19.54		25785447		Plantmorphology(191)		23920508	yes	G/G
25295	osa11280834	7	23920508:23920508	G/A	0.479747	G	grain length to width ratio	0.000235	13.23		25785447		Plantmorphology(191)		23920508	yes	G/G
25296	osa11280851	7	23921015:23921015	T/A	0.434804	T	grain length to width ratio	9.17e-07	18.72		25785447		Plantmorphology(191)		23921015	yes	T/T
25297	osa11280851	7	23921015:23921015	T/A	0.434804	T	grain width	0.000238	11.14		25785447		Plantmorphology(191)		23921015	yes	T/T
25298	osa11280851	7	23921015:23921015	T/A	0.434804	T	grain length to width ratio	5.41e-05	29.52		32391027		Plantmorphology(191)		23921015	yes	T/T
25299	osa11280851	7	23921015:23921015	T/A	0.434804	T	grain length to width ratio	9.38e-05	17.95		32391027		Plantmorphology(191)		23921015	yes	T/T
25416	osa11284728	7	24007086:24007086	T/C	0.469376	T	grain length to width ratio	2.3e-06	18.34		25785447		Plantmorphology(191)		24007086	yes	T/T
25417	osa11284728	7	24007086:24007086	T/C	0.469376	T	grain width	0.000621	10.72		25785447		Plantmorphology(191)		24007086	yes	T/T
25509	osa11286860	7	24049852:24049852	G/A	0.364716	G	grain length	0.000251	7.24		25785447		Plantmorphology(191)		24049852	yes	G/G
25510	osa11286860	7	24049852:24049852	G/A	0.364716	G	grain width	1.44e-05	13.21		25785447		Plantmorphology(191)		24049852	yes	G/G
25511	osa11286860	7	24049852:24049852	G/A	0.364716	G	grain length to width ratio	1.5e-09	22.51		25785447		Plantmorphology(191)		24049852	yes	G/G
25512	osa11286860	7	24049852:24049852	G/A	0.364716	G	grain length to width ratio	0.000171	14.48		25785447		Plantmorphology(191)		24049852	yes	G/G
27358	osa11307637	7	24537476:24537476	T/C	0.395688	T	grain length to width ratio	3.67e-07			34362301		Plantmorphology(191)		24537476	yes	T/T
27756	osa11312048	7	24645555:24645555	A/G	0.208627	G	grain width	2.81e-05	12.45		25785447		Plantmorphology(191)		24645555	yes	G/G
27757	osa11312048	7	24645555:24645555	A/G	0.208627	G	grain length to width ratio	6.04e-08	20.0		25785447		Plantmorphology(191)		24645555	yes	G/G
27758	osa11312048	7	24645555:24645555	A/G	0.208627	G	grain length to width ratio	4.91e-05	14.48		25785447		Plantmorphology(191)		24645555	yes	G/G
27759	osa11312048	7	24645555:24645555	A/G	0.208627	G	grain length to width ratio	2.15e-09	29.52		32391027		Plantmorphology(191)		24645555	yes	G/G
27760	osa11312048	7	24645555:24645555	A/G	0.208627	G	grain length to width ratio	3.97e-09	17.95		32391027		Plantmorphology(191)		24645555	yes	G/G
27761	osa11312048	7	24645555:24645555	A/G	0.208627	G	grain length to width ratio	4.34e-06	11.99		32391027		Plantmorphology(191)		24645555	yes	G/G
27762	osa11312048	7	24645555:24645555	A/G	0.208627	G	panicle length	2.58e-05	12.2		31862941		Plantmorphology(191)		24645555	yes	G/G
27763	osa11312048	7	24645555:24645555	A/G	0.208627	G	grain width	6.82e-06	35.07		32391027		Plantmorphology(191)		24645555	yes	G/G
27764	osa11312048	7	24645555:24645555	A/G	0.208627	G	grain width	9.46e-06	21.6		32391027		Plantmorphology(191)		24645555	yes	G/G
27765	osa11312048	7	24645555:24645555	A/G	0.208627	G	grain width	2.75e-05	22.78		32391027		Plantmorphology(191)		24645555	yes	G/G
27766	osa11312048	7	24645555:24645555	A/G	0.208627	G	grain width	3.17e-05	17.96		32391027		Plantmorphology(191)		24645555	yes	G/G
27824	osa11313387	7	24675222:24675222	C/T	0.468773	C	grain width	0.000145	11.49		25785447		Plantmorphology(191)		24675222	yes	C/C
27825	osa11313387	7	24675222:24675222	C/T	0.468773	C	grain length	0.000621	6.83		25785447		Plantmorphology(191)		24675222	yes	C/C
27826	osa11313387	7	24675222:24675222	C/T	0.468773	C	grain length to width ratio	5.48e-08	20.45		25785447		Plantmorphology(191)		24675222	yes	C/C
27827	osa11313387	7	24675222:24675222	C/T	0.468773	C	grain length to width ratio	3.63e-06	17.04		25785447		Plantmorphology(191)		24675222	yes	C/C
27828	osa11313387	7	24675222:24675222	C/T	0.468773	C	grain width	8.07e-06	35.07		32391027		Plantmorphology(191)		24675222	yes	C/C
27829	osa11313387	7	24675222:24675222	C/T	0.468773	C	grain width	6.69e-06	21.6		32391027		Plantmorphology(191)		24675222	yes	C/C
27830	osa11313387	7	24675222:24675222	C/T	0.468773	C	grain length to width ratio	8.62e-10	29.52		32391027		Plantmorphology(191)		24675222	yes	C/C
27831	osa11313387	7	24675222:24675222	C/T	0.468773	C	grain length to width ratio	6.46e-10	17.95		32391027		Plantmorphology(191)		24675222	yes	C/C
27832	osa11313387	7	24675222:24675222	C/T	0.468773	C	grain length to width ratio	9.66e-07	18.77		32391027		Plantmorphology(191)		24675222	yes	C/C
27833	osa11313387	7	24675222:24675222	C/T	0.468773	C	grain width	9.56e-06	22.78		32391027		Plantmorphology(191)		24675222	yes	C/C
27834	osa11313387	7	24675222:24675222	C/T	0.468773	C	grain width	5.39e-06	17.96		32391027		Plantmorphology(191)		24675222	yes	C/C
28234	osa11320330	7	24830619:24830619	A/G	0.40754	G	days to heading	9.97e-08			34610789		Plantgrowth_Development(17)		24830619	yes	G/G
29161	osa1133363	1	23264961:23264961	G/A	0.161501	A	stem diameter	0.000176			33159401		Plantmorphology(191)		23264961	yes	A/A
29171	osa1133511	1	23266298:23266298	C/T	0.153266	T	stem diameter	0.000108			33159401		Plantmorphology(191)		23266298	yes	T/T
29172	osa1133540	1	23266472:23266472	C/T	0.155052	T	stem diameter	0.000134			33159401		Plantmorphology(191)		23266472	yes	T/T
30133	osa11342053	7	25342540:25342540	G/A	0.383724	G	relative total root surface area	4.21e-05	15.96		35557725		Stress(66)		25342540	yes	G/G
30134	osa11342058	7	25342883:25342883	G/A	0.385105	G	relative total root surface area	4.35e-05	15.89		35557725		Stress(66)		25342883	yes	G/G
30276	osa1134340	1	23274989:23274989	G/A	0.159919	A	stem diameter	0.000181			33159401		Plantmorphology(191)		23274989	yes	A/A
30445	osa11345515	7	25422611:25422611	G/A	0.414659	G	relative total root surface area	3.48e-05	15.34		35557725		Stress(66)		25422611	yes	G/G
30446	osa11345529	7	25422691:25422691	T/C	0.290469	T	germination index	0.000617			28282385		Plantvigor(23)		25422691	yes	T/T
30569	osa11346663	7	25456343:25456343	C/T	0.425638	C	relative total root surface area	3.59e-05	15.28		35557725		Stress(66)		25456343	yes	C/C
30570	osa11346664	7	25456363:25456363	T/C	0.398658	T	relative total root surface area	3.59e-05	15.28		35557725		Stress(66)		25456363	yes	T/T
30571	osa11346696	7	25456971:25456971	A/G	0.400125	A	relative total root surface area	2.71e-05	15.61		35557725		Stress(66)		25456971	yes	A/A
30572	osa11346697	7	25456975:25456975	A/G	0.401201	A	relative total root surface area	2.71e-05	15.61		35557725		Stress(66)		25456975	yes	A/A
30574	osa11346812	7	25458703:25458703	T/C	0.411281	T	relative total root surface area	3.59e-05	15.28		35557725		Stress(66)		25458703	yes	T/T
30578	osa11346904	7	25463336:25463336	T/C	0.415345	T	relative total root surface area	2.71e-05	15.61		35557725		Stress(66)		25463336	yes	T/T
31182	osa11362242	7	25821757:25821757	A/G	0.371788	A	panicle inflorescence exsertion	5.61e-06			31535313		Plantmorphology(191)		25821757	yes	A/A
31196	osa11363681	7	25860871:25860871	C/T	0.378945	C	grain length to width ratio	0.000507	15.21		25785447		Plantmorphology(191)		25860871	yes	C/C
31413	osa11379635	7	26202323:26202323	G/A	0.0239035	A	rice bacterial blight disease resistance	2.52e-08			34467412		Stress(66)		26202323	yes	G/A
31414	osa11379635	7	26202323:26202323	G/A	0.0239035	A	rice bacterial blight disease resistance	2.52e-08			34077549		Stress(66)		26202323	yes	G/A
31422	osa11379684	7	26202604:26202604	T/C	0.359043	T	germination index	0.000663			28282385		Plantvigor(23)		26202604	yes	T/T
32019	osa1142230	1	23417131:23417131	A/G	0.120496	G	flooded coleoptile length	0.000266			28487722		Stress(66)		23417131	yes	G/G
32020	osa1142230	1	23417131:23417131	A/G	0.120496	G	stem thickness	4.51e-05			33159401		Plantmorphology(191)		23417131	yes	G/G
32021	osa1142230	1	23417131:23417131	A/G	0.120496	G	stem thickness	4.86e-05			33159401		Plantmorphology(191)		23417131	yes	G/G
32022	osa1142230	1	23417131:23417131	A/G	0.120496	G	stem thickness	1.92e-06			33159401		Plantmorphology(191)		23417131	yes	G/G
32023	osa1142230	1	23417131:23417131	A/G	0.120496	G	stem thickness	1.88e-06			33159401		Plantmorphology(191)		23417131	yes	G/G
33453	osa11505695	7	29140282:29140282	A/G	0.232613	A	grain cd concentrations	3.21e-10			33627887		Biochemical(103)		29140282	yes	A/A
37133	osa1159773	1	23694389:23694389	G/A	0.319952	A	stem thickness	1.77e-07			33159401		Plantmorphology(191)		23694389	yes	A/A
37134	osa1159773	1	23694389:23694389	G/A	0.319952	A	stem thickness	4.06e-07			33159401		Plantmorphology(191)		23694389	yes	A/A
37135	osa1159803	1	23695023:23695023	G/A	0.265451	A	stem thickness	1.78e-07			33159401		Plantmorphology(191)		23695023	yes	A/A
37136	osa1159803	1	23695023:23695023	G/A	0.265451	A	stem thickness	9.59e-08			33159401		Plantmorphology(191)		23695023	yes	A/A
37137	osa1159803	1	23695023:23695023	G/A	0.265451	A	stem thickness	7.77e-07			33159401		Plantmorphology(191)		23695023	yes	A/A
37138	osa1159803	1	23695023:23695023	G/A	0.265451	A	stem thickness	2.68e-07			33159401		Plantmorphology(191)		23695023	yes	A/A
37142	osa1159860	1	23696003:23696003	G/T	0.293004	T	stem thickness	6.82e-07			33159401		Plantmorphology(191)		23696003	yes	T/T
37143	osa1159863	1	23696033:23696033	C/T	0.31211	T	stem thickness	3.05e-07			33159401		Plantmorphology(191)		23696033	yes	T/T
37144	osa1159863	1	23696033:23696033	C/T	0.31211	T	stem thickness	1.64e-07			33159401		Plantmorphology(191)		23696033	yes	T/T
37163	osa1159914	1	23696295:23696295	T/C	0.316626	C	stem thickness	1.47e-06			33159401		Plantmorphology(191)		23696295	yes	C/C
37171	osa1159974	1	23696692:23696692	C/T	0.32038	T	stem thickness	6.82e-07			33159401		Plantmorphology(191)		23696692	yes	T/T
37176	osa1160018	1	23697111:23697111	G/A	0.308908	A	stem thickness	1.77e-07			33159401		Plantmorphology(191)		23697111	yes	A/A
37177	osa1160018	1	23697111:23697111	G/A	0.308908	A	stem thickness	4.06e-07			33159401		Plantmorphology(191)		23697111	yes	A/A
37179	osa1160038	1	23697270:23697270	C/T	0.320211	T	stem thickness	3.9e-07			33159401		Plantmorphology(191)		23697270	yes	T/T
37180	osa1160038	1	23697270:23697270	C/T	0.320211	T	stem thickness	2.21e-07			33159401		Plantmorphology(191)		23697270	yes	T/T
37181	osa1160052	1	23697615:23697615	C/T	0.314409	T	stem thickness	1.77e-07			33159401		Plantmorphology(191)		23697615	yes	T/T
37182	osa1160052	1	23697615:23697615	C/T	0.314409	T	stem thickness	4.06e-07			33159401		Plantmorphology(191)		23697615	yes	T/T
37183	osa1160055	1	23697643:23697643	G/A	0.311207	A	stem thickness	1.77e-07			33159401		Plantmorphology(191)		23697643	yes	A/A
37184	osa1160055	1	23697643:23697643	G/A	0.311207	A	stem thickness	4.06e-07			33159401		Plantmorphology(191)		23697643	yes	A/A
37185	osa1160072	1	23697760:23697760	C/T	0.334865	T	stem thickness	4.46e-07			33159401		Plantmorphology(191)		23697760	yes	T/T
37186	osa1160072	1	23697760:23697760	C/T	0.334865	T	stem thickness	2.1e-07			33159401		Plantmorphology(191)		23697760	yes	T/T
37187	osa1160087	1	23697956:23697956	T/A	0.286612	A	stem thickness	1.98e-06			33159401		Plantmorphology(191)		23697956	yes	A/A
37188	osa1160120	1	23698191:23698191	C/T	0.312515	T	stem thickness	1.77e-07			33159401		Plantmorphology(191)		23698191	yes	T/T
37189	osa1160120	1	23698191:23698191	C/T	0.312515	T	stem thickness	4.06e-07			33159401		Plantmorphology(191)		23698191	yes	T/T
37191	osa1160151	1	23698434:23698434	G/T	0.324287	T	stem thickness	1.77e-07			33159401		Plantmorphology(191)		23698434	yes	T/T
37192	osa1160151	1	23698434:23698434	G/T	0.324287	T	stem thickness	4.06e-07			33159401		Plantmorphology(191)		23698434	yes	T/T
37193	osa1160168	1	23698648:23698648	A/G	0.330348	G	stem thickness	3.7e-07			33159401		Plantmorphology(191)		23698648	yes	G/G
37194	osa1160168	1	23698648:23698648	A/G	0.330348	G	stem thickness	8.88e-07			33159401		Plantmorphology(191)		23698648	yes	G/G
37199	osa1160186	1	23698855:23698855	C/A	0.310718	A	stem thickness	3.9e-07			33159401		Plantmorphology(191)		23698855	yes	A/A
37200	osa1160186	1	23698855:23698855	C/A	0.310718	A	stem thickness	2.21e-07			33159401		Plantmorphology(191)		23698855	yes	A/A
37201	osa1160189	1	23698874:23698874	C/T	0.304627	T	stem thickness	2.21e-07			33159401		Plantmorphology(191)		23698874	yes	T/T
37202	osa1160189	1	23698874:23698874	C/T	0.304627	T	stem thickness	3.9e-07			33159401		Plantmorphology(191)		23698874	yes	T/T
37203	osa1160326	1	23699732:23699732	C/T	0.314409	T	stem thickness	1.48e-06			33159401		Plantmorphology(191)		23699732	yes	C/T
37212	osa1160415	1	23703483:23703483	T/C	0.304434	C	stem thickness	6.82e-07			33159401		Plantmorphology(191)		23703483	yes	C/C
37226	osa1160463	1	23703887:23703887	C/T	0.310345	T	stem thickness	7.09e-07			33159401		Plantmorphology(191)		23703887	yes	T/T
37252	osa1160798	1	23708957:23708957	C/T	0.201655	T	stem thickness	5.55e-07			33159401		Plantmorphology(191)		23708957	yes	T/T
37267	osa1160882	1	23710078:23710078	C/T	0.229839	T	stem thickness	3.18e-07			33159401		Plantmorphology(191)		23710078	yes	T/T
37268	osa1160882	1	23710078:23710078	C/T	0.229839	T	stem thickness	8.99e-08			33159401		Plantmorphology(191)		23710078	yes	T/T
37269	osa1160882	1	23710078:23710078	C/T	0.229839	T	stem thickness	9.59e-08			33159401		Plantmorphology(191)		23710078	yes	T/T
37270	osa1160882	1	23710078:23710078	C/T	0.229839	T	stem thickness	1.78e-07			33159401		Plantmorphology(191)		23710078	yes	T/T
37275	osa1160890	1	23710239:23710239	T/C	0.229118	C	stem thickness	4.36e-08			33159401		Plantmorphology(191)		23710239	yes	C/C
37276	osa1160890	1	23710239:23710239	T/C	0.229118	C	stem thickness	1.81e-07			33159401		Plantmorphology(191)		23710239	yes	C/C
37277	osa1160890	1	23710239:23710239	T/C	0.229118	C	stem thickness	3.99e-08			33159401		Plantmorphology(191)		23710239	yes	C/C
37278	osa1160890	1	23710239:23710239	T/C	0.229118	C	stem thickness	1.04e-07			33159401		Plantmorphology(191)		23710239	yes	C/C
37279	osa1160910	1	23710722:23710722	C/T	0.233032	T	stem thickness	1.04e-07			33159401		Plantmorphology(191)		23710722	yes	T/T
37280	osa1160910	1	23710722:23710722	C/T	0.233032	T	stem thickness	1.81e-07			33159401		Plantmorphology(191)		23710722	yes	T/T
37281	osa1160910	1	23710722:23710722	C/T	0.233032	T	stem thickness	3.99e-08			33159401		Plantmorphology(191)		23710722	yes	T/T
37282	osa1160910	1	23710722:23710722	C/T	0.233032	T	stem thickness	4.36e-08			33159401		Plantmorphology(191)		23710722	yes	T/T
37283	osa1160910	1	23710722:23710722	C/T	0.233032	T	leaf angle	3.09e-12		1.0	20972439		Plantmorphology(191)		23710722	yes	T/T
37288	osa1160980	1	23711482:23711482	A/T	0.229818	T	stem thickness	1.78e-07			33159401		Plantmorphology(191)		23711482	yes	T/T
37289	osa1160980	1	23711482:23711482	A/T	0.229818	T	stem thickness	9.59e-08			33159401		Plantmorphology(191)		23711482	yes	T/T
37290	osa1160980	1	23711482:23711482	A/T	0.229818	T	stem thickness	3.18e-07			33159401		Plantmorphology(191)		23711482	yes	T/T
37291	osa1160980	1	23711482:23711482	A/T	0.229818	T	stem thickness	8.99e-08			33159401		Plantmorphology(191)		23711482	yes	T/T
37298	osa1161071	1	23712358:23712358	T/C	0.235402	C	stem thickness	1.78e-07			33159401		Plantmorphology(191)		23712358	yes	C/C
37299	osa1161071	1	23712358:23712358	T/C	0.235402	C	stem thickness	9.59e-08			33159401		Plantmorphology(191)		23712358	yes	C/C
37300	osa1161071	1	23712358:23712358	T/C	0.235402	C	stem thickness	3.18e-07			33159401		Plantmorphology(191)		23712358	yes	C/C
37301	osa1161071	1	23712358:23712358	T/C	0.235402	C	stem thickness	8.99e-08			33159401		Plantmorphology(191)		23712358	yes	C/C
37309	osa1161124	1	23713314:23713314	T/C	0.250341	C	stem thickness	2.87e-07			33159401		Plantmorphology(191)		23713314	yes	C/C
37310	osa1161124	1	23713314:23713314	T/C	0.250341	C	stem thickness	1.35e-07			33159401		Plantmorphology(191)		23713314	yes	C/C
37311	osa1161124	1	23713314:23713314	T/C	0.250341	C	stem thickness	1.66e-06			33159401		Plantmorphology(191)		23713314	yes	C/C
37312	osa1161124	1	23713314:23713314	T/C	0.250341	C	stem thickness	2.66e-07			33159401		Plantmorphology(191)		23713314	yes	C/C
37325	osa1161207	1	23714656:23714656	G/A	0.22761	A	stem thickness	4.36e-08			33159401		Plantmorphology(191)		23714656	yes	A/A
37326	osa1161207	1	23714656:23714656	G/A	0.22761	A	stem thickness	3.34e-07			33159401		Plantmorphology(191)		23714656	yes	A/A
37327	osa1161207	1	23714656:23714656	G/A	0.22761	A	stem thickness	4.67e-08			33159401		Plantmorphology(191)		23714656	yes	A/A
37328	osa1161207	1	23714656:23714656	G/A	0.22761	A	stem thickness	1.04e-07			33159401		Plantmorphology(191)		23714656	yes	A/A
37337	osa1161296	1	23716192:23716192	C/A	0.105767	A	stem thickness	4.32e-08			33159401		Plantmorphology(191)		23716192	yes	A/A
37338	osa1161296	1	23716192:23716192	C/A	0.105767	A	stem thickness	1.44e-06			33159401		Plantmorphology(191)		23716192	yes	A/A
37339	osa1161317	1	23716344:23716344	T/A	0.315351	A	stem thickness	4.36e-08			33159401		Plantmorphology(191)		23716344	yes	A/A
37340	osa1161317	1	23716344:23716344	T/A	0.315351	A	stem thickness	1.04e-07			33159401		Plantmorphology(191)		23716344	yes	A/A
37349	osa1161401	1	23717997:23717997	G/A	0.235589	A	stem thickness	1.44e-09			33159401		Plantmorphology(191)		23717997	yes	A/A
37350	osa1161401	1	23717997:23717997	G/A	0.235589	A	stem thickness	3.25e-11		1.0	33159401		Plantmorphology(191)		23717997	yes	A/A
37351	osa1161401	1	23717997:23717997	G/A	0.235589	A	stem thickness	2.22e-08			33159401		Plantmorphology(191)		23717997	yes	A/A
37352	osa1161401	1	23717997:23717997	G/A	0.235589	A	stem thickness	4.18e-09			33159401		Plantmorphology(191)		23717997	yes	A/A
37357	osa1161576	1	23721751:23721751	T/C	0.241756	C	stem thickness	6.24e-09			33159401		Plantmorphology(191)		23721751	yes	C/C
37358	osa1161576	1	23721751:23721751	T/C	0.241756	C	stem thickness	1.32e-10			33159401		Plantmorphology(191)		23721751	yes	C/C
37359	osa1161576	1	23721751:23721751	T/C	0.241756	C	stem thickness	8.74e-08			33159401		Plantmorphology(191)		23721751	yes	C/C
37360	osa1161576	1	23721751:23721751	T/C	0.241756	C	stem thickness	1.44e-08			33159401		Plantmorphology(191)		23721751	yes	C/C
37376	osa1161639	1	23722494:23722494	C/T	0.240945	T	stem thickness	1.44e-09			33159401		Plantmorphology(191)		23722494	yes	T/T
37377	osa1161639	1	23722494:23722494	C/T	0.240945	T	stem thickness	3.25e-11			33159401		Plantmorphology(191)		23722494	yes	T/T
37378	osa1161639	1	23722494:23722494	C/T	0.240945	T	stem thickness	2.22e-08			33159401		Plantmorphology(191)		23722494	yes	T/T
37379	osa1161639	1	23722494:23722494	C/T	0.240945	T	stem thickness	4.18e-09			33159401		Plantmorphology(191)		23722494	yes	T/T
37399	osa1161688	1	23723587:23723587	G/A	0.239291	A	stem thickness	2.22e-08			33159401		Plantmorphology(191)		23723587	yes	A/A
37400	osa1161688	1	23723587:23723587	G/A	0.239291	A	stem thickness	4.18e-09			33159401		Plantmorphology(191)		23723587	yes	A/A
37401	osa1161688	1	23723587:23723587	G/A	0.239291	A	stem thickness	1.44e-09			33159401		Plantmorphology(191)		23723587	yes	A/A
37402	osa1161688	1	23723587:23723587	G/A	0.239291	A	stem thickness	3.25e-11			33159401		Plantmorphology(191)		23723587	yes	A/A
38154	osa11643115	8	2567454:2567454	G/C	0.331526	G	seed weight	0.000769			28282385		Plantmorphology(191)		2567454	yes	G/G
38156	osa11645048	8	2615080:2615080	G/A	0.338948	G	seed weight	0.000723			28282385		Plantmorphology(191)		2615080	yes	G/G
38157	osa11645048	8	2615080:2615080	G/A	0.338948	G	seed weight	0.000871			28282385		Plantmorphology(191)		2615080	yes	G/G
38740	osa1166149	1	23795689:23795689	G/A	0.277037	A	stem thickness	3.9e-06			33159401		Plantmorphology(191)		23795689	yes	A/A
38741	osa1166149	1	23795689:23795689	G/A	0.277037	A	stem thickness	6.3e-07			33159401		Plantmorphology(191)		23795689	yes	A/A
38742	osa1166149	1	23795689:23795689	G/A	0.277037	A	stem thickness	7.63e-08			33159401		Plantmorphology(191)		23795689	yes	A/A
39179	osa1167564	1	23824577:23824577	A/G	0.450624	A	stem thickness	2.33e-06			33159401		Plantmorphology(191)		23824577	yes	A/A
40533	osa11707051	8	4006324:4006324	A/G	0.422396	A	rice bacterial blight disease resistance	2.95e-05	9.0		33802191		Stress(66)		4006324	yes	A/A
40896	osa11737007	8	4625841:4625841	A/G	0.411035	A	grain length	3.02e-07			28803900		Plantmorphology(191)		4625841	yes	A/A
40931	osa11742093	8	4732019:4732019	G/C	0.275337	G	gelatinization temperature	1.14e-07	6.18		21915109		Biochemical(103)		4732019	yes	G/G
41017	osa11764971	8	5285702:5285702	T/C	0.438505	T	seed weight	0.000179			28282385		Plantmorphology(191)		5285702	yes	T/T
42411	osa11821950	8	6201282:6201282	C/T	0.227841	T	panicle inflorescence exsertion	5.94e-05			31535313		Plantmorphology(191)		6201282	yes	T/T
42491	osa11824993	8	6257002:6257002	T/A	0.188506	A	seed weight	0.000676			28282385		Plantmorphology(191)		6257002	yes	A/A
42711	osa11829307	8	6347835:6347835	T/C	0.2759	C	germination index	0.000364			28282385		Plantvigor(23)		6347835	yes	C/C
43074	osa11836487	8	6452520:6452520	T/A	0.340762	A	grain cd concentrations	9.55e-06			30804959		Biochemical(103)		6452520	yes	A/A
43104	osa11837389	8	6475555:6475555	A/G	0.403743	G	stem diameter	2.34e-12		1.0	33159401		Plantmorphology(191)		6475555	yes	G/G
43105	osa11837389	8	6475555:6475555	A/G	0.403743	G	stem diameter	3.66e-12			33159401		Plantmorphology(191)		6475555	yes	G/G
43106	osa11837389	8	6475555:6475555	A/G	0.403743	G	stem diameter	1.12e-11			33159401		Plantmorphology(191)		6475555	yes	G/G
43107	osa11837389	8	6475555:6475555	A/G	0.403743	G	stem thickness	5.94e-13			33159401		Plantmorphology(191)		6475555	yes	G/G
43108	osa11837389	8	6475555:6475555	A/G	0.403743	G	stem thickness	2.05e-11			33159401		Plantmorphology(191)		6475555	yes	G/G
43109	osa11837389	8	6475555:6475555	A/G	0.403743	G	stem thickness	1.6e-11			33159401		Plantmorphology(191)		6475555	yes	G/G
43569	osa11850422	8	6763917:6763917	C/T	0.177325	T	stem thickness	2.23e-11			33159401		Plantmorphology(191)		6763917	yes	T/T
44552	osa11918132	8	8355150:8355150	C/T	0.380228	T	stem thickness	3.45e-09			33159401		Plantmorphology(191)		8355150	yes	T/T
44776	osa11958190	8	9117502:9117502	A/G	0.0997766	A	uppermost internode	8.99e-05			31535313		Yield(14)		9117502	yes	A/G
45033	osa11964792	8	9236611:9236611	G/A	0.391706	A	stem diameter	1.24e-05			33159401		Plantmorphology(191)		9236611	yes	A/A
45034	osa11964792	8	9236611:9236611	G/A	0.391706	A	stem diameter	3.41e-06			33159401		Plantmorphology(191)		9236611	yes	A/A
45035	osa11964792	8	9236611:9236611	G/A	0.391706	A	stem diameter	0.000259			33159401		Plantmorphology(191)		9236611	yes	A/A
45038	osa11964858	8	9237537:9237537	G/A	0.372787	A	stem diameter	0.000157			33159401		Plantmorphology(191)		9237537	yes	A/A
45039	osa11964858	8	9237537:9237537	G/A	0.372787	A	stem diameter	6.05e-05			33159401		Plantmorphology(191)		9237537	yes	A/A
45049	osa11965727	8	9290409:9290409	G/A	0.239201	A	stem diameter	0.000327			33159401		Plantmorphology(191)		9290409	yes	A/A
45053	osa11966109	8	9295986:9295986	G/A	0.258596	A	stem diameter	5.16e-05			33159401		Plantmorphology(191)		9295986	yes	A/A
45057	osa11966836	8	9301448:9301448	G/A	0.287872	A	stem diameter	7.3e-05			33159401		Plantmorphology(191)		9301448	yes	A/A
45063	osa11968468	8	9311982:9311982	C/T	0.272522	T	stem diameter	4.99e-05			33159401		Plantmorphology(191)		9311982	yes	T/T
45228	osa11971032	8	9351902:9351902	A/G	0.394085	G	stem diameter	1.01e-05			33159401		Plantmorphology(191)		9351902	yes	G/G
45229	osa11971032	8	9351902:9351902	A/G	0.394085	G	stem diameter	2.06e-06			33159401		Plantmorphology(191)		9351902	yes	G/G
45230	osa11971032	8	9351902:9351902	A/G	0.394085	G	stem diameter	0.000481			33159401		Plantmorphology(191)		9351902	yes	G/G
45231	osa11971032	8	9351902:9351902	A/G	0.394085	G	stem diameter	0.000128			33159401		Plantmorphology(191)		9351902	yes	G/G
45236	osa11971047	8	9352113:9352113	G/A	0.383064	A	stem diameter	2.3e-05			33159401		Plantmorphology(191)		9352113	yes	A/A
45237	osa11971047	8	9352113:9352113	G/A	0.383064	A	stem diameter	5.46e-06			33159401		Plantmorphology(191)		9352113	yes	A/A
45238	osa11971047	8	9352113:9352113	G/A	0.383064	A	stem diameter	0.000399			33159401		Plantmorphology(191)		9352113	yes	A/A
45239	osa11971047	8	9352113:9352113	G/A	0.383064	A	stem diameter	0.000111			33159401		Plantmorphology(191)		9352113	yes	A/A
45244	osa11971087	8	9352658:9352658	T/C	0.403663	C	stem diameter	1.17e-05			33159401		Plantmorphology(191)		9352658	yes	C/C
45245	osa11971087	8	9352658:9352658	T/C	0.403663	C	stem diameter	2.71e-06			33159401		Plantmorphology(191)		9352658	yes	C/C
45246	osa11971087	8	9352658:9352658	T/C	0.403663	C	stem diameter	0.000429			33159401		Plantmorphology(191)		9352658	yes	C/C
45247	osa11971087	8	9352658:9352658	T/C	0.403663	C	stem diameter	0.000119			33159401		Plantmorphology(191)		9352658	yes	C/C
45253	osa11971166	8	9353485:9353485	G/A	0.396976	A	stem diameter	0.000399			33159401		Plantmorphology(191)		9353485	yes	A/A
45254	osa11971166	8	9353485:9353485	G/A	0.396976	A	stem diameter	0.000111			33159401		Plantmorphology(191)		9353485	yes	A/A
45255	osa11971166	8	9353485:9353485	G/A	0.396976	A	stem diameter	1.23e-05			33159401		Plantmorphology(191)		9353485	yes	A/A
45256	osa11971166	8	9353485:9353485	G/A	0.396976	A	stem diameter	2.46e-06			33159401		Plantmorphology(191)		9353485	yes	A/A
45270	osa11971293	8	9354895:9354895	C/T	0.390536	T	stem diameter	8.51e-05			33159401		Plantmorphology(191)		9354895	yes	T/T
45271	osa11971293	8	9354895:9354895	C/T	0.390536	T	stem diameter	1.37e-06			33159401		Plantmorphology(191)		9354895	yes	T/T
45276	osa11971450	8	9356614:9356614	T/A	0.423334	A	stem diameter	0.000441			33159401		Plantmorphology(191)		9356614	yes	A/A
45277	osa11971450	8	9356614:9356614	T/A	0.423334	A	stem diameter	0.000132			33159401		Plantmorphology(191)		9356614	yes	A/A
45278	osa11971450	8	9356614:9356614	T/A	0.423334	A	stem diameter	1.14e-05			33159401		Plantmorphology(191)		9356614	yes	A/A
45279	osa11971450	8	9356614:9356614	T/A	0.423334	A	stem diameter	2.84e-06			33159401		Plantmorphology(191)		9356614	yes	A/A
45281	osa11971478	8	9356870:9356870	C/T	0.395545	T	stem diameter	1.54e-05			33159401		Plantmorphology(191)		9356870	yes	T/T
45282	osa11971478	8	9356870:9356870	C/T	0.395545	T	stem diameter	4.08e-06			33159401		Plantmorphology(191)		9356870	yes	T/T
45283	osa11971478	8	9356870:9356870	C/T	0.395545	T	stem diameter	0.00051			33159401		Plantmorphology(191)		9356870	yes	T/T
45284	osa11971478	8	9356870:9356870	C/T	0.395545	T	stem diameter	0.000164			33159401		Plantmorphology(191)		9356870	yes	T/T
45299	osa11972305	8	9375606:9375606	C/T	0.414836	T	stem diameter	1.33e-05			33159401		Plantmorphology(191)		9375606	yes	T/T
45300	osa11972305	8	9375606:9375606	C/T	0.414836	T	stem diameter	3.3e-06			33159401		Plantmorphology(191)		9375606	yes	T/T
45301	osa11972305	8	9375606:9375606	C/T	0.414836	T	stem diameter	0.000453			33159401		Plantmorphology(191)		9375606	yes	T/T
45302	osa11972305	8	9375606:9375606	C/T	0.414836	T	stem diameter	0.000138			33159401		Plantmorphology(191)		9375606	yes	T/T
45307	osa11972364	8	9376111:9376111	G/A	0.382892	A	stem diameter	2.94e-05			33159401		Plantmorphology(191)		9376111	yes	A/A
45308	osa11972364	8	9376111:9376111	G/A	0.382892	A	stem diameter	7.89e-06			33159401		Plantmorphology(191)		9376111	yes	A/A
45309	osa11972364	8	9376111:9376111	G/A	0.382892	A	stem diameter	0.000813			33159401		Plantmorphology(191)		9376111	yes	A/A
45310	osa11972364	8	9376111:9376111	G/A	0.382892	A	stem diameter	0.000247			33159401		Plantmorphology(191)		9376111	yes	A/A
45320	osa11972437	8	9376845:9376845	G/A	0.42	A	stem diameter	0.000549			33159401		Plantmorphology(191)		9376845	yes	A/A
45321	osa11972437	8	9376845:9376845	G/A	0.42	A	stem diameter	0.000177			33159401		Plantmorphology(191)		9376845	yes	A/A
45322	osa11972437	8	9376845:9376845	G/A	0.42	A	stem diameter	1.14e-05			33159401		Plantmorphology(191)		9376845	yes	A/A
45323	osa11972437	8	9376845:9376845	G/A	0.42	A	stem diameter	3.28e-06			33159401		Plantmorphology(191)		9376845	yes	A/A
45440	osa11989361	8	9722694:9722694	A/T	0.04116	T	rice bacterial blight disease resistance	1.72e-09			34467412		Stress(66)		9722694	yes	A/T
45441	osa11989361	8	9722694:9722694	A/T	0.04116	T	rice bacterial blight disease resistance	1.72e-09			34077549		Stress(66)		9722694	yes	A/T
45442	osa11989361	8	9722694:9722694	A/T	0.04116	T	rice bacterial blight disease resistance	1.64e-09			34077549		Stress(66)		9722694	yes	A/T
45443	osa11989361	8	9722694:9722694	A/T	0.04116	T	rice bacterial blight disease resistance	4.34e-14			34077549		Stress(66)		9722694	yes	A/T
45444	osa11989361	8	9722694:9722694	A/T	0.04116	T	rice bacterial blight disease resistance	4.34e-14			34467412		Stress(66)		9722694	yes	A/T
45543	osa11999293	8	9916383:9916383	T/A	0.228579	A	shoot biomass	1.44e-06			31694217		Plantmorphology(191)		9916383	yes	A/A
45544	osa11999293	8	9916383:9916383	T/A	0.228579	A	total biomass yield	1.76e-06			31694217		Plantmorphology(191)		9916383	yes	A/A
45927	osa12141118	8	12602143:12602143	A/G	0.00955328	G	total root length	0.0001	9.7		29695843		Plantmorphology(191)		12602143	yes	A/G
46103	osa12307050	8	15994515:15994515	T/G	0.0746089	G	rice bacterial blight disease resistance	3.04e-10			34467412		Stress(66)		15994515	yes	T/G
46104	osa12307050	8	15994515:15994515	T/G	0.0746089	G	rice bacterial blight disease resistance	3.04e-10			34077549		Stress(66)		15994515	yes	T/G
46105	osa12307050	8	15994515:15994515	T/G	0.0746089	G	rice bacterial blight disease resistance	4.95e-12			34077549		Stress(66)		15994515	yes	T/G
46106	osa12307050	8	15994515:15994515	T/G	0.0746089	G	rice bacterial blight disease resistance	1.88e-08			34077549		Stress(66)		15994515	yes	T/G
46107	osa12307050	8	15994515:15994515	T/G	0.0746089	G	rice bacterial blight disease resistance	1.1e-12			34077549		Stress(66)		15994515	yes	T/G
46108	osa12307050	8	15994515:15994515	T/G	0.0746089	G	rice bacterial blight disease resistance	1.88e-08			34467412		Stress(66)		15994515	yes	T/G
46109	osa12307050	8	15994515:15994515	T/G	0.0746089	G	rice bacterial blight disease resistance	1.1e-12			34467412		Stress(66)		15994515	yes	T/G
46110	osa12307100	8	15994838:15994838	T/C	0.0392997	C	rice bacterial blight disease resistance	6.28e-09			34077549		Stress(66)		15994838	yes	T/C
46111	osa12307100	8	15994838:15994838	T/C	0.0392997	C	rice bacterial blight disease resistance	6.28e-09			34467412		Stress(66)		15994838	yes	T/C
46112	osa12307102	8	15994857:15994857	T/C	0.0414091	C	rice bacterial blight disease resistance	5.08e-09			34467412		Stress(66)		15994857	yes	T/C
46113	osa12307102	8	15994857:15994857	T/C	0.0414091	C	rice bacterial blight disease resistance	5.08e-09			34077549		Stress(66)		15994857	yes	T/C
46114	osa12307102	8	15994857:15994857	T/C	0.0414091	C	rice bacterial blight disease resistance	3.18e-12			34077549		Stress(66)		15994857	yes	T/C
46116	osa12307205	8	15996291:15996291	G/A	0.05	A	sheath blight disease resistance	9.42e-07			33600077		Stress(66)		15996291	yes	A/A
46119	osa12307485	8	16000214:16000214	G/A	0.0551264	A	sheath blight disease resistance	8.38e-07			33600077		Stress(66)		16000214	yes	A/A
46120	osa12307487	8	16000246:16000246	T/C	0.0561758	C	sheath blight disease resistance	9.03e-07			33600077		Stress(66)		16000246	yes	C/C
46169	osa12326611	8	16436321:16436321	A/C	0.15922	C	sheath blight disease resistance	6.27e-07			33600077		Stress(66)		16436321	yes	C/C
46172	osa12326731	8	16437280:16437280	G/A	0.0768898	A	rice bacterial blight disease resistance	5.63e-09			34467412		Stress(66)		16437280	yes	A/A
46173	osa12326731	8	16437280:16437280	G/A	0.0768898	A	rice bacterial blight disease resistance	5.22e-08			34467412		Stress(66)		16437280	yes	A/A
46174	osa12326731	8	16437280:16437280	G/A	0.0768898	A	rice bacterial blight disease resistance	5.63e-09			34077549		Stress(66)		16437280	yes	A/A
46175	osa12326731	8	16437280:16437280	G/A	0.0768898	A	rice bacterial blight disease resistance	5.22e-08			34077549		Stress(66)		16437280	yes	A/A
46176	osa12326731	8	16437280:16437280	G/A	0.0768898	A	rice bacterial blight disease resistance	1.69e-08			34077549		Stress(66)		16437280	yes	A/A
46177	osa12326731	8	16437280:16437280	G/A	0.0768898	A	rice bacterial blight disease resistance	1.69e-08			34467412		Stress(66)		16437280	yes	A/A
46178	osa12326993	8	16440381:16440381	G/C	0.134757	C	sheath blight disease resistance	6.83e-07			33600077		Stress(66)		16440381	yes	C/C
46226	osa12352604	8	16885543:16885543	C/T	0.0637109	T	sheath blight disease resistance	6.01e-07			33600077		Stress(66)		16885543	yes	T/T
46257	osa12365075	8	17089277:17089277	C/A	0.0524099	A	sheath blight disease resistance	8.1e-07			33600077		Stress(66)		17089277	yes	A/A
46959	osa12424344	8	17912797:17912797	G/A	0.217516	A	growth in plant height	5.78e-06			31694217		Stress(66)		17912797	yes	A/A
46960	osa12424344	8	17912797:17912797	G/A	0.217516	A	growth in plant height	3.34e-06			31694217		Stress(66)		17912797	yes	A/A
46961	osa12424344	8	17912797:17912797	G/A	0.217516	A	growth in plant height	3.23e-06			31694217		Stress(66)		17912797	yes	A/A
46973	osa12425287	8	17926065:17926065	A/G	0.493184	A	number of upper secondary rachis branches	6.19e-10	0.94		33544455		Plantmorphology(191)		17926065	yes	A/A
47006	osa12428743	8	18005746:18005746	G/A	0.0775205	A	sheath blight disease resistance	2.75e-07			33600077		Stress(66)		18005746	yes	A/A
47654	osa12468727	8	18610295:18610295	C/T	0.367787	T	root length	1.91e-06			29981171		Plantmorphology(191)		18610295	yes	T/T
47655	osa12468727	8	18610295:18610295	C/T	0.367787	T	root length	5.27e-06			29981171		Plantmorphology(191)		18610295	yes	T/T
47656	osa12468738	8	18610405:18610405	G/A	0.34239	A	growth in plant height	7e-06			31694217		Stress(66)		18610405	yes	A/A
47888	osa12500257	8	19119514:19119514	G/A	0.301506	A	stem thickness	6.22e-08			33159401		Plantmorphology(191)		19119514	yes	A/A
47918	osa12501176	8	19133288:19133288	A/G	0.278706	G	stem thickness	4.4e-07			33159401		Plantmorphology(191)		19133288	yes	G/G
48288	osa12545457	8	19867538:19867538	G/A	0.398681	A	seed set percent	3.27e-07			35576158		Plantmorphology(191)		19867538	yes	A/A
48384	osa12578685	8	20514765:20514765	C/A	0.439456	C	1000-grain weight	8.98e-05			31208337		Plantmorphology(191)		20514765	yes	C/C
48928	osa12689290	8	22966689:22966689	G/T	0.344751	G	salt tolerance index of K+ /Na+ ratio	7.65e-05	17.69		35557725		Stress(66)		22966689	yes	G/G
49042	osa12719360	8	23688791:23688791	A/G	0.0663849	A	flowering time ratio	5.19e-05	9.87		21915109		Plantgrowth_Development(17)		23688791	yes	A/A
49453	osa12811109	8	25479434:25479434	C/T	0.499871	C	stem thickness	9.2e-05			33159401		Plantmorphology(191)		25479434	yes	C/C
50176	osa12857222	8	26480688:26480688	T/C	0.251757	T	pericarp color	5.89e-09		1.0	29746484		Plantmorphology(191)		26480688	yes	T/T
50177	osa12857680	8	26496216:26496216	T/A	0.2824	T	grain width	5.52e-05	15.9		31862941		Plantmorphology(191)		26496216	yes	T/T
50245	osa12869021	8	26806318:26806318	A/T	0.17845	T	seed weight	0.000295			28282385		Plantmorphology(191)		26806318	yes	T/T
50246	osa12869077	8	26808226:26808226	A/C	0.1794	C	seed weight	0.000128			28282385		Plantmorphology(191)		26808226	yes	C/C
50247	osa12869105	8	26809358:26809358	G/A	0.177287	A	seed weight	0.000134			28282385		Plantmorphology(191)		26809358	yes	A/A
50248	osa12869249	8	26811191:26811191	A/G	0.185176	G	seed weight	0.000121			28282385		Plantmorphology(191)		26811191	yes	G/G
50561	osa12938958	8	28112332:28112332	A/C	0.340184	A	total root length	1.71e-06			35463411		Plantmorphology(191)		28112332	yes	A/A
50615	osa12976175	9	672809:672809	A/C	0.1346	A	grain as concentrations	9.33e-06			35371188		Biochemical(103)		672809	yes	A/A
50620	osa12979168	9	721828:721828	T/G	0.33422	T	mesocotyl length	5.72e-09		1.0	26362270		Plantmorphology(191)		721828	yes	T/T
50621	osa12979208	9	722398:722398	A/G	0.138386	A	sulfur content	4.68e-08		1.0	35371188		Biochemical(103)		722398	yes	A/A
50622	osa12979208	9	722398:722398	A/G	0.138386	A	sulfur content	8.91e-08			35371188		Biochemical(103)		722398	yes	A/A
50623	osa12982734	9	760487:760487	T/G	0.131639	T	plant height	1.58e-06			35371188		Plantmorphology(191)		760487	yes	T/T
50656	osa13001702	9	1100754:1100754	C/T	0.202409	C	primary branch number	9.11e-07			34487253		Plantmorphology(191)		1100754	yes	C/C
50697	osa13044086	9	2000551:2000551	T/C	0.437665	T	phosphorus concentration	8.13e-06			35371188		Biochemical(103)		2000551	yes	T/T
50710	osa13051794	9	2146275:2146275	T/C	0.374428	T	germination index	3.78e-05			28282385		Plantvigor(23)		2146275	yes	T/T
50724	osa1307684	1	26642467:26642467	C/T	0.349542	C	awn color	1.64e-09		1.0	33432466		Plantmorphology(191)		26642467	yes	C/C
50730	osa13079035	9	2726772:2726772	G/T	0.402078	G	straighthead disorder severity rate	6.92e-06			35371188		Plantmorphology(191)		2726772	yes	G/G
50733	osa13081380	9	2890788:2890788	T/C	0.380328	T	plant height	0.000293			28374863		Plantmorphology(191)		2890788	yes	T/T
50735	osa13088680	9	2993757:2993757	G/A	0.386627	G	straighthead disorder severity rate	4.47e-07			35371188		Plantmorphology(191)		2993757	yes	G/G
50741	osa13112275	9	3426051:3426051	C/T	0.408003	C	phosphorus concentration	3.31e-06			35371188		Biochemical(103)		3426051	yes	C/C
50804	osa13143389	9	3986345:3986345	A/G	0.337224	A	seed fertility	0.000473			28282385		Plantmorphology(191)		3986345	yes	A/A
51241	osa13241920	9	6102639:6102639	A/G	0.238546	A	cold tolerance	2.38e-09	28.0	1.0	30013584		Stress(66)		6102639	yes	A/A
51339	osa13276480	9	6656721:6656721	T/A	0.165283	T	rice bacterial blight disease resistance	2.64e-08		1.0	34077549		Stress(66)		6656721	yes	T/T
51349	osa1328100	1	27161792:27161792	C/T	0.465137	C	seedling numbers	8.62e-05			31792643		Stress(66)		27161792	yes	C/C
51370	osa13288225	9	6773610:6773610	T/C	0.306429	T	grain cd concentrations	5.82e-06			30804959		Biochemical(103)		6773610	yes	T/T
51383	osa13292992	9	6831729:6831729	T/A	0.0491252	A	rice bacterial blight disease resistance	7.37e-11			34467412		Stress(66)		6831729	yes	T/A
51384	osa13292992	9	6831729:6831729	T/A	0.0491252	A	rice bacterial blight disease resistance	4.65e-18		1.0	34467412		Stress(66)		6831729	yes	T/A
51385	osa13292992	9	6831729:6831729	T/A	0.0491252	A	rice bacterial blight disease resistance	5.13e-13			34077549		Stress(66)		6831729	yes	T/A
51386	osa13292992	9	6831729:6831729	T/A	0.0491252	A	rice bacterial blight disease resistance	7.37e-11			34077549		Stress(66)		6831729	yes	T/A
51387	osa13292992	9	6831729:6831729	T/A	0.0491252	A	rice bacterial blight disease resistance	4.65e-18		1.0	34077549		Stress(66)		6831729	yes	T/A
51388	osa13294664	9	6866722:6866722	C/T	0.441304	C	hull color	3.16e-20		1.0	22138690		Plantmorphology(191)		6866722	yes	C/C
51436	osa13311003	9	7135950:7135950	T/C	0.334099	T	germination index	0.000734			28282385		Plantvigor(23)		7135950	yes	T/T
51438	osa13312237	9	7150774:7150774	G/A	0.485117	G	stem diameter	0.000196			33159401		Plantmorphology(191)		7150774	yes	G/G
51445	osa13312527	9	7154774:7154774	T/C	0.462793	T	stem diameter	0.000141			33159401		Plantmorphology(191)		7154774	yes	T/T
51446	osa13312527	9	7154774:7154774	T/C	0.462793	T	stem diameter	0.000188			33159401		Plantmorphology(191)		7154774	yes	T/T
51447	osa13312527	9	7154774:7154774	T/C	0.462793	T	stem diameter	1.38e-05			33159401		Plantmorphology(191)		7154774	yes	T/T
51448	osa13312527	9	7154774:7154774	T/C	0.462793	T	stem diameter	8.32e-06			33159401		Plantmorphology(191)		7154774	yes	T/T
51449	osa13312527	9	7154774:7154774	T/C	0.462793	T	stem diameter	1.32e-05			33159401		Plantmorphology(191)		7154774	yes	T/T
51510	osa13340723	9	7765772:7765772	T/C	0.473671	T	stem diameter	0.000588			33159401		Plantmorphology(191)		7765772	yes	T/T
51568	osa13353700	9	7980776:7980776	T/C	0.146621	T	panicle length	1.76e-06			34487253		Plantmorphology(191)		7980776	yes	T/T
51634	osa1338716	1	27397158:27397158	A/G	0.364574	A	pericarp color	3.87e-11		1.0	29746484		Plantmorphology(191)		27397158	yes	A/A
51647	osa13393963	9	8959256:8959256	C/A	0.294725	C	stem diameter	2.4e-11		1.0	33159401		Plantmorphology(191)		8959256	yes	C/C
51648	osa13393963	9	8959256:8959256	C/A	0.294725	C	stem diameter	8.25e-11			33159401		Plantmorphology(191)		8959256	yes	C/C
51649	osa13393999	9	8959735:8959735	T/A	0.290429	T	stem diameter	2.4e-11			33159401		Plantmorphology(191)		8959735	yes	T/T
51650	osa13393999	9	8959735:8959735	T/A	0.290429	T	stem diameter	8.25e-11			33159401		Plantmorphology(191)		8959735	yes	T/T
51691	osa13396981	9	8994288:8994288	C/T	0.35259	C	rice bacterial blight disease resistance	9.56e-05			34185169		Stress(66)		8994288	yes	C/C
51698	osa13405230	9	9118837:9118837	T/C	0.382128	T	the phloem area of large vascular bundle	2.6e-07	22.79		33288021		Plantmorphology(191)		9118837	yes	T/T
51700	osa13407997	9	9144846:9144846	C/T	0.425108	C	brown rice rate	3.8e-05	7.2		28101096		Plant_quality(26)		9144846	yes	C/C
51711	osa13416190	9	9230514:9230514	T/C	0.33058	T	coleoptile length	0.00012	20.6		32153631		Plantmorphology(191)		9230514	yes	T/T
51712	osa13416190	9	9230514:9230514	T/C	0.33058	T	coleoptile length	1.26e-05	5.1		32153631		Plantmorphology(191)		9230514	yes	T/T
51808	osa13486500	9	10416439:10416439	G/C	0.196435	G	panicle number	1.42e-08		1.0	33509071		Biologicalprocess(19)		10416439	yes	G/G
51872	osa13508176	9	10888518:10888518	G/A	0.110105	G	seed weight	0.000426			28282385		Plantmorphology(191)		10888518	yes	G/A
51873	osa13508176	9	10888518:10888518	G/A	0.110105	G	seed weight	0.000612			28282385		Plantmorphology(191)		10888518	yes	G/A
51874	osa13508727	9	10891910:10891910	T/A	0.163133	T	seed weight	0.000206			28282385		Plantmorphology(191)		10891910	yes	T/T
51946	osa13522723	9	11094607:11094607	G/A	0.490234	G	germination index	0.000795			28282385		Plantvigor(23)		11094607	yes	G/G
51980	osa13538056	9	11299373:11299373	T/C	0.431853	T	days to flowering trait	8.11e-07			29767744		Plantgrowth_Development(17)		11299373	yes	T/T
52247	osa13600949	9	12460264:12460264	T/C	0.369146	T	panicle number	9.56e-05			31792643		Biologicalprocess(19)		12460264	yes	T/T
52291	osa13620337	9	12811399:12811399	G/A	0.442369	G	stem diameter	0.00049			33159401		Plantmorphology(191)		12811399	yes	G/G
52292	osa13620337	9	12811399:12811399	G/A	0.442369	G	stem diameter	0.000201			33159401		Plantmorphology(191)		12811399	yes	G/G
52355	osa13664393	9	13656075:13656075	T/C	0.127637	T	plant height	0.00097	3.75		32407369		Plantmorphology(191)		13656075	yes	T/T
52364	osa13668872	9	13729361:13729361	T/C	0.421764	T	breaking strength of the basal internode	0.000219			33159401		Plantmorphology(191)		13729361	yes	T/T
52365	osa13668872	9	13729361:13729361	T/C	0.421764	T	stem diameter	0.000822			33159401		Plantmorphology(191)		13729361	yes	T/T
52368	osa13668929	9	13731068:13731068	A/C	0.396016	A	breaking strength of the basal internode	0.000313			33159401		Plantmorphology(191)		13731068	yes	A/A
52369	osa13668945	9	13731445:13731445	C/G	0.467332	C	breaking strength of the basal internode	0.000121			33159401		Plantmorphology(191)		13731445	yes	C/C
52370	osa13668945	9	13731445:13731445	C/G	0.467332	C	stem diameter	0.00071			33159401		Plantmorphology(191)		13731445	yes	C/C
52373	osa13668980	9	13731769:13731769	G/C	0.419312	G	breaking strength of the basal internode	0.000313			33159401		Plantmorphology(191)		13731769	yes	G/G
52374	osa13668988	9	13732067:13732067	A/C	0.413752	A	breaking strength of the basal internode	0.000219			33159401		Plantmorphology(191)		13732067	yes	A/A
52375	osa13668988	9	13732067:13732067	A/C	0.413752	A	stem diameter	0.000822			33159401		Plantmorphology(191)		13732067	yes	A/A
52739	osa13772898	9	15967723:15967723	T/C	0.187075	T	germination index	0.00024			28282385		Plantvigor(23)		15967723	yes	T/T
52740	osa13772898	9	15967723:15967723	T/C	0.187075	T	germination index	0.000719			28282385		Plantvigor(23)		15967723	yes	T/T
52840	osa13801296	9	16592257:16592257	G/T	0.302815	G	seed weight	0.000603			28282385		Plantmorphology(191)		16592257	yes	G/G
52843	osa13802056	9	16604689:16604689	T/C	0.266841	T	seed fertility	0.000839			28282385		Plantmorphology(191)		16604689	yes	T/C
53306	osa13867934	9	18025376:18025376	C/T	0.48116	C	stem diameter	5.57e-13			33159401		Plantmorphology(191)		18025376	yes	C/C
53307	osa13867934	9	18025376:18025376	C/T	0.48116	C	stem diameter	5.65e-14		1.0	33159401		Plantmorphology(191)		18025376	yes	C/C
53308	osa13867934	9	18025376:18025376	C/T	0.48116	C	stem diameter	6.59e-14			33159401		Plantmorphology(191)		18025376	yes	C/C
53309	osa13867934	9	18025376:18025376	C/T	0.48116	C	stem thickness	2.17e-18		1.0	33159401		Plantmorphology(191)		18025376	yes	C/C
53310	osa13867934	9	18025376:18025376	C/T	0.48116	C	breaking strength of the basal internode	5.2e-11			33159401		Plantmorphology(191)		18025376	yes	C/C
53311	osa13867934	9	18025376:18025376	C/T	0.48116	C	stem thickness	4.61e-13			33159401		Plantmorphology(191)		18025376	yes	C/C
53312	osa13867934	9	18025376:18025376	C/T	0.48116	C	stem thickness	1.89e-12			33159401		Plantmorphology(191)		18025376	yes	C/C
54981	osa13895545	9	18702488:18702488	G/T	0.146552	G	panicle length	1.11e-08			34487253		Plantmorphology(191)		18702488	yes	G/G
55616	osa13940407	9	19717971:19717971	G/A	0.443919	G	salt tolerance	6.75e-06	3.37		32561778		Stress(66)		19717971	yes	G/G
56266	osa14123089	10	707521:707521	A/G	0.156036	A	grain silica concentration	3.98e-06			35371188		Biochemical(103)		707521	yes	A/A
56645	osa14152908	10	1222624:1222624	T/C	0.429469	T	straighthead disorder severity rate	9.12e-06			35371188		Plantmorphology(191)		1222624	yes	T/T
56646	osa14153040	10	1225032:1225032	A/T	0.406755	A	straighthead disorder severity rate	1.7e-06			35371188		Plantmorphology(191)		1225032	yes	A/A
57053	osa14246433	10	2701257:2701257	G/A	0.0647569	A	panicle number	1.27e-05	35.63		29872443		Biologicalprocess(19)		2701257	yes	A/A
57054	osa14246433	10	2701257:2701257	G/A	0.0647569	A	panicle number	2.23e-08	35.55	1.0	29872443		Biologicalprocess(19)		2701257	yes	A/A
57078	osa14251189	10	2786027:2786027	T/A	0.126487	A	straighthead disorder severity rate	2.75e-06			35371188		Plantmorphology(191)		2786027	yes	A/A
57120	osa14266480	10	3054964:3054964	G/A	0.341314	G	anaerobic salt response index	1e-05	8.1		35281797		Stress(66)		3054964	yes	G/G
57167	osa14288423	10	3551274:3551274	G/A	0.370211	G	sheath blight disease resistance	9.62e-07			33600077		Stress(66)		3551274	yes	G/G
57168	osa14288423	10	3551274:3551274	G/A	0.370211	G	sheath blight disease resistance	2.05e-07			33600077		Stress(66)		3551274	yes	G/G
57265	osa14307298	10	3824503:3824503	A/G	0.311845	A	the phloem area of large vascular bundle	9.4e-07	23.5		33288021		Plantmorphology(191)		3824503	yes	A/A
57286	osa14316988	10	4011130:4011130	C/A	0.26853	C	relative total lesion length	2.54e-09		1.0	31853678		Stress(66)		4011130	yes	C/C
57438	osa14382902	10	5271195:5271195	C/T	0.0438839	T	chlorophyll content	6.53e-06			30796281		Biochemical(103)		5271195	yes	T/T
57439	osa14382902	10	5271195:5271195	C/T	0.0438839	T	chlorophyll content	7.33e-06			30796281		Biochemical(103)		5271195	yes	T/T
57440	osa14382902	10	5271195:5271195	C/T	0.0438839	T	chlorophyll content	2.06e-06			30796281		Biochemical(103)		5271195	yes	T/T
57441	osa14382902	10	5271195:5271195	C/T	0.0438839	T	chlorophyll content	4.12e-06			30796281		Biochemical(103)		5271195	yes	T/T
57569	osa14481807	10	7244688:7244688	T/A	0.0980769	A	sulfur content	1.23e-12		1.0	35371188		Biochemical(103)		7244688	yes	A/A
57570	osa14484308	10	7279870:7279870	G/C	0.324394	G	grain width	2.76e-09	11.54		35162989		Plantmorphology(191)		7279870	yes	G/G
57571	osa14485645	10	7297872:7297872	C/A	0.300173	C	grain width	4.16e-09	10.05		35162989		Plantmorphology(191)		7297872	yes	C/C
57573	osa14488747	10	7351241:7351241	A/G	0.145558	A	number of middle secondary rachis branches	6.19e-10	2.94	1.0	33544455		Plantmorphology(191)		7351241	yes	A/A
57613	osa14504088	10	7592053:7592053	G/A	0.298952	G	arsenic content ratio	0.000113			31194746		Biochemical(103)		7592053	yes	G/G
57629	osa14510638	10	7718442:7718442	C/T	0.319718	C	grain width	1.17e-09	9.64	1.0	35162989		Plantmorphology(191)		7718442	yes	C/C
57630	osa14510638	10	7718442:7718442	C/T	0.319718	C	grain length to width ratio	8.72e-08	9.06		35162989		Plantmorphology(191)		7718442	yes	C/C
57631	osa14510638	10	7718442:7718442	C/T	0.319718	C	grain length to width ratio	1.34e-07	8.5		35162989		Plantmorphology(191)		7718442	yes	C/C
57632	osa14510638	10	7718442:7718442	C/T	0.319718	C	grain length to width ratio	1.63e-08	8.11	1.0	35162989		Plantmorphology(191)		7718442	yes	C/C
57635	osa14515442	10	7827175:7827175	C/G	0.126242	C	days to heading	2.69e-06			35371188		Plantgrowth_Development(17)		7827175	yes	C/C
57638	osa14522602	10	7983194:7983194	G/T	0.401923	G	grain silica concentration	1.62e-06			35371188		Biochemical(103)		7983194	yes	G/G
57639	osa14522747	10	7986163:7986163	T/C	0.204074	T	grain silica concentration	2.34e-06			35371188		Biochemical(103)		7986163	yes	T/T
57662	osa14536361	10	8229145:8229145	A/G	0.238591	A	straighthead disorder severity rate	1.82e-08			35371188		Plantmorphology(191)		8229145	yes	A/A
57663	osa14536361	10	8229145:8229145	A/G	0.238591	A	straighthead disorder severity rate	3.8e-10		1.0	35371188		Plantmorphology(191)		8229145	yes	A/A
57664	osa14536909	10	8267497:8267497	C/T	0.204899	C	grain silica concentration	3.89e-06			35371188		Biochemical(103)		8267497	yes	C/C
57665	osa14537825	10	8290852:8290852	T/A	0.302	T	total biomass yield	3e-06	9.3		35281797		Plantmorphology(191)		8290852	yes	T/T
57686	osa14550405	10	8553013:8553013	C/A	0.333851	C	grain width	1.48e-07	9.21		35162989		Plantmorphology(191)		8553013	yes	C/C
57970	osa14626110	10	9948618:9948618	A/T	0.361569	A	anaerobic response index	0.000686	13.57		26699727		Stress(66)		9948618	yes	A/A
57971	osa14626227	10	9950070:9950070	G/A	0.419806	G	grain silica concentration	4.47e-06			35371188		Biochemical(103)		9950070	yes	G/G
58743	osa14670885	10	10785951:10785951	G/A	0.270152	G	panicle number	9.53e-06	18.24		29872443		Biologicalprocess(19)		10785951	yes	G/G
58780	osa14679961	10	11073178:11073178	G/A	0.246269	G	grain silica concentration	5.89e-06			35371188		Biochemical(103)		11073178	yes	G/G
58795	osa146898	1	3235986:3235986	T/C	0.4306	T	seed weight	0.000491			28282385		Plantmorphology(191)		3235986	yes	T/T
58824	osa14703157	10	11552718:11552718	A/G	0.259511	A	plant height	8.04e-05	3.5		29078746		Plantmorphology(191)		11552718	yes	A/A
59256	osa14715082	10	11757964:11757964	A/G	0.206133	A	germination index	0.000882			28282385		Plantvigor(23)		11757964	yes	A/A
59281	osa14715327	10	11760138:11760138	G/A	0.0757652	A	shoot biomass	9.9e-06			31694217		Plantmorphology(191)		11760138	yes	A/A
59900	osa14750985	10	12405458:12405458	C/T	0.304257	C	relative plant height	0.000988			25371505		Stress(66)		12405458	yes	C/C
60108	osa14758742	10	12600440:12600440	T/C	0.35798	T	relative plant height	0.000892			25371505		Stress(66)		12600440	yes	T/T
60355	osa14761085	10	12696271:12696271	T/A	0.454228	T	relative plant height	0.000859			25371505		Stress(66)		12696271	yes	T/T
60377	osa14770964	10	12863056:12863056	A/T	0.30557	A	relative plant height	0.000988			25371505		Stress(66)		12863056	yes	A/A
60552	osa14852107	10	14523517:14523517	T/C	0.347639	T	relative total lesion length	5.28e-12		1.0	31853678		Stress(66)		14523517	yes	T/T
60609	osa14889556	10	15384841:15384841	T/C	0.354995	T	grain molybdenum concentration	2.46e-08	27.99		32972357		Biochemical(103)		15384841	yes	T/T
60610	osa14889556	10	15384841:15384841	T/C	0.354995	T	grain molybdenum concentration	8.54e-09	27.99	1.0	32972357		Biochemical(103)		15384841	yes	T/T
60611	osa14889556	10	15384841:15384841	T/C	0.354995	T	grain molybdenum concentration	4.41e-06	27.99		32972357		Biochemical(103)		15384841	yes	T/T
60697	osa14912774	10	15835325:15835325	A/C	0.485923	A	pericarp color	1e-13			29746484		Plantmorphology(191)		15835325	yes	A/A
61100	osa14959677	10	16814608:16814608	T/A	0.310841	T	days to heading	7.3e-06			33333227		Plantgrowth_Development(17)		16814608	yes	T/T
61227	osa14996241	10	17665893:17665893	C/A	0.322984	C	pericarp color	6.44e-09		1.0	29746484		Plantmorphology(191)		17665893	yes	C/C
61231	osa14998028	10	17707829:17707829	T/C	0.406321	T	electrolyte leakage	2.84e-08		1.0	26381647		Biologicalprocess(19)		17707829	yes	T/T
61232	osa14998028	10	17707829:17707829	T/C	0.406321	T	ratio of electrolyte leakage	9.47e-09		1.0	26381647		Biologicalprocess(19)		17707829	yes	T/T
61257	osa15010705	10	17988748:17988748	C/T	0.461328	C	grain silica concentration	2.82e-07			35371188		Biochemical(103)		17988748	yes	C/C
61289	osa15027317	10	18265443:18265443	T/G	0.30236	T	arsenic content trait	9.92e-05			31194746		Biochemical(103)		18265443	yes	T/T
61703	osa15065681	10	19121908:19121908	C/T	0.344524	C	rice bacterial blight disease resistance	7.85e-06			34185169		Stress(66)		19121908	yes	C/C
61704	osa15065764	10	19123402:19123402	T/A	0.467688	T	rice bacterial blight disease resistance	4.74e-06			34185169		Stress(66)		19123402	yes	T/T
61705	osa15065802	10	19124277:19124277	T/G	0.463757	T	rice bacterial blight disease resistance	3.26e-05			34185169		Stress(66)		19124277	yes	T/T
61706	osa15065849	10	19124782:19124782	C/T	0.458995	C	rice bacterial blight disease resistance	5.76e-06			34185169		Stress(66)		19124782	yes	C/C
61946	osa15101132	10	19942024:19942024	A/C	0.281535	A	arsenic content ratio	0.00013			31194746		Biochemical(103)		19942024	yes	A/A
62019	osa15140110	10	20879630:20879630	C/T	0.448132	C	germination index	0.000311			28282385		Plantvigor(23)		20879630	yes	C/C
62070	osa15163578	10	21430230:21430230	T/G	0.370365	T	relative mean germination time	9.08e-07			35463411		Stress(66)		21430230	yes	T/T
62318	osa15273577	11	1009154:1009154	C/A	0.411032	C	panicle number	0.000571			31208337		Biologicalprocess(19)		1009154	yes	C/C
62694	osa15342976	11	2619707:2619707	A/C	0.417098	A	awn presence	5.72e-05			21915109		Plantmorphology(191)		2619707	yes	A/A
62832	osa15367651	11	3217152:3217152	C/T	0.477527	C	straighthead disorder severity rate	6.46e-06			35371188		Plantmorphology(191)		3217152	yes	C/C
62913	osa1540341	1	31786285:31786285	G/A	0.121244	G	number of ears per plant	6.92e-07			35371188		Plantmorphology(191)		31786285	yes	G/G
62915	osa1540433	1	31788058:31788058	T/G	0.143603	T	resistant starch	9.47e-09	25.38		31430915		Plant_quality(26)		31788058	yes	T/T
62997	osa15422453	11	4362819:4362819	T/C	0.33829	T	rice bacterial blight disease resistance	5.06e-05			34185169		Stress(66)		4362819	yes	T/T
62998	osa15422476	11	4363005:4363005	A/T	0.342397	A	rice bacterial blight disease resistance	3.99e-05			34185169		Stress(66)		4363005	yes	A/A
63000	osa15422548	11	4364433:4364433	G/A	0.347743	G	rice bacterial blight disease resistance	2.46e-05			34185169		Stress(66)		4364433	yes	G/G
63001	osa15422555	11	4364498:4364498	A/G	0.352816	A	rice bacterial blight disease resistance	8.68e-05			34185169		Stress(66)		4364498	yes	A/A
63002	osa15422566	11	4364613:4364613	G/A	0.357307	G	rice bacterial blight disease resistance	2.81e-05			34185169		Stress(66)		4364613	yes	G/G
63005	osa15422749	11	4367217:4367217	G/A	0.33025	G	rice bacterial blight disease resistance	6.86e-05			34185169		Stress(66)		4367217	yes	G/G
63273	osa1545629	1	31899548:31899548	G/A	0.318793	G	resistant starch	6.79e-07	19.69		31430915		Plant_quality(26)		31899548	yes	G/G
63306	osa1546396	1	31913301:31913301	T/C	0.273223	T	resistant starch	6.28e-05	13.27		31430915		Plant_quality(26)		31913301	yes	T/T
63307	osa1546410	1	31913413:31913413	A/G	0.29845	A	resistant starch	6.28e-05	13.27		31430915		Plant_quality(26)		31913413	yes	A/A
63403	osa1548222	1	31960654:31960654	T/C	0.483375	T	grain length	6.580000000000001e-27		1.0	28385155		Plantmorphology(191)		31960654	yes	T/T
63766	osa1555016	1	32120484:32120484	G/A	0.421165	G	arsenic content trait	8.91e-05			31194746		Biochemical(103)		32120484	yes	G/G
63921	osa15579362	11	7667013:7667013	G/A	0.42802	G	arsenic content trait	1.76e-05			31194746		Biochemical(103)		7667013	yes	G/G
64877	osa15622565	11	8520163:8520163	G/A	0.396876	G	plant height	2.47e-06			35576158		Plantmorphology(191)		8520163	yes	G/G
66173	osa15774533	11	10902246:10902246	C/T	0.319914	T	seed weight	0.000455			28282385		Plantmorphology(191)		10902246	yes	T/T
66502	osa1584155	1	32798614:32798614	G/C	0.276835	G	resistant starch	8.39e-08	22.53		31430915		Plant_quality(26)		32798614	yes	G/G
66513	osa1585481	1	32825307:32825307	A/G	0.368137	A	coleoptile diameter	6.2e-09			33409869		Plantmorphology(191)		32825307	yes	A/A
66715	osa15919384	11	13697681:13697681	C/T	0.0452236	T	seed calcium concentration	1.55e-06			35371188		Biochemical(103)		13697681	yes	T/T
67047	osa15994646	11	15005353:15005353	A/G	0.0972524	G	blast disease resistance	8e-09		1.0	25403621		Stress(66)		15005353	yes	G/G
67057	osa16000696	11	15132647:15132647	T/A	0.222462	A	days to heading	7.4e-05			33333227		Plantgrowth_Development(17)		15132647	yes	A/A
67060	osa16003735	11	15175496:15175496	G/A	0.209153	A	leaf bronzing score	0.000225	4.38		26152574		Stress(66)		15175496	yes	A/A
67061	osa16003735	11	15175496:15175496	G/A	0.209153	A	leaf bronzing score	0.000571	9.46		26152574		Stress(66)		15175496	yes	A/A
67062	osa16003735	11	15175496:15175496	G/A	0.209153	A	leaf bronzing score	0.000237	4.26		26152574		Stress(66)		15175496	yes	A/A
67063	osa16003735	11	15175496:15175496	G/A	0.209153	A	leaf bronzing score	0.000296	10.4		26152574		Stress(66)		15175496	yes	A/A
67131	osa16034423	11	15626863:15626863	G/A	0.480952	G	germination index	0.000891			28282385		Plantvigor(23)		15626863	yes	G/G
67755	osa16106740	11	16720209:16720209	C/T	0.320933	C	germination index	0.000825			28282385		Plantvigor(23)		16720209	yes	C/C
67953	osa1612352	1	33426466:33426466	C/T	0.492782	C	straighthead disorder severity rate	3.89e-06			35371188		Plantmorphology(191)		33426466	yes	C/C
68318	osa1616584	1	33555927:33555927	C/T	0.368356	T	grain nickel concentration	6.59e-11	19.09		31734869		Biochemical(103)		33555927	yes	T/T
68319	osa1616584	1	33555927:33555927	C/T	0.368356	T	grain nickel concentration	1.95e-09	7.79		31734869		Biochemical(103)		33555927	yes	T/T
68372	osa16170452	11	17714592:17714592	C/T	0.399754	C	nitrogen balance index	8.47e-05	5.4		29163588		Plantgrowth_Development(17)		17714592	yes	C/C
69176	osa1622067	1	33719449:33719449	T/C	0.134286	T	pericarp color	5.7e-11		1.0	32595693		Plantmorphology(191)		33719449	yes	T/T
69637	osa16287484	11	19769112:19769112	C/A	0.162707	A	germination index	0.00059			28282385		Plantvigor(23)		19769112	yes	A/A
69685	osa16292957	11	19882988:19882988	G/T	0.209491	G	plant height	1.86e-06			35371188		Plantmorphology(191)		19882988	yes	G/G
69809	osa16303606	11	20080020:20080020	G/T	0.011242	T	days to heading	5.44e-08			34610789		Plantgrowth_Development(17)		20080020	yes	T/T
70899	osa16325101	11	20554423:20554423	T/C	0.497354	T	stem diameter	2.56e-12			33159401		Plantmorphology(191)		20554423	yes	T/T
70900	osa16325101	11	20554423:20554423	T/C	0.497354	T	stem diameter	2.95e-12			33159401		Plantmorphology(191)		20554423	yes	T/T
70901	osa16325101	11	20554423:20554423	T/C	0.497354	T	stem diameter	1.06e-11			33159401		Plantmorphology(191)		20554423	yes	T/T
70902	osa16325101	11	20554423:20554423	T/C	0.497354	T	breaking strength of the basal internode	1.46e-11			33159401		Plantmorphology(191)		20554423	yes	T/T
70903	osa16325101	11	20554423:20554423	T/C	0.497354	T	stem diameter	7.68e-12			33159401		Plantmorphology(191)		20554423	yes	T/T
70904	osa16325101	11	20554423:20554423	T/C	0.497354	T	stem diameter	5.47e-12			33159401		Plantmorphology(191)		20554423	yes	T/T
70905	osa16325101	11	20554423:20554423	T/C	0.497354	T	stem diameter	3.37e-12			33159401		Plantmorphology(191)		20554423	yes	T/T
71135	osa16351906	11	21000089:21000089	G/A	0.0616294	A	stem diameter	3.65e-12			33159401		Plantmorphology(191)		21000089	yes	A/A
72617	osa16440683	11	22477814:22477814	A/G	0.344632	G	stem diameter	4.1e-11			33159401		Plantmorphology(191)		22477814	yes	G/G
72618	osa16440683	11	22477814:22477814	A/G	0.344632	G	stem diameter	5.84e-11			33159401		Plantmorphology(191)		22477814	yes	G/G
72717	osa16445836	11	22546371:22546371	C/G	0.430287	C	stem diameter	2.69e-12			33159401		Plantmorphology(191)		22546371	yes	C/C
72718	osa16445836	11	22546371:22546371	C/G	0.430287	C	stem diameter	3.36e-11			33159401		Plantmorphology(191)		22546371	yes	C/C
72719	osa16445836	11	22546371:22546371	C/G	0.430287	C	stem diameter	6.41e-11			33159401		Plantmorphology(191)		22546371	yes	C/C
72720	osa16445836	11	22546371:22546371	C/G	0.430287	C	breaking strength of the basal internode	1.06e-11		1.0	33159401		Plantmorphology(191)		22546371	yes	C/C
73182	osa16466944	11	22987480:22987480	A/G	0.433811	G	stem diameter	3.02e-11			33159401		Plantmorphology(191)		22987480	yes	G/G
73470	osa16467951	11	23000325:23000325	A/G	0.378197	A	stem diameter	9.49e-13			33159401		Plantmorphology(191)		23000325	yes	A/A
73471	osa16467951	11	23000325:23000325	A/G	0.378197	A	stem diameter	4.5e-13			33159401		Plantmorphology(191)		23000325	yes	A/A
73472	osa16467951	11	23000325:23000325	A/G	0.378197	A	stem diameter	7.49e-13			33159401		Plantmorphology(191)		23000325	yes	A/A
73473	osa16467955	11	23000429:23000429	G/A	0.377969	G	stem diameter	1.41e-12			33159401		Plantmorphology(191)		23000429	yes	G/G
73474	osa16467955	11	23000429:23000429	G/A	0.377969	G	stem diameter	6.89e-13			33159401		Plantmorphology(191)		23000429	yes	G/G
73475	osa16467955	11	23000429:23000429	G/A	0.377969	G	stem diameter	8.09e-13			33159401		Plantmorphology(191)		23000429	yes	G/G
73476	osa16467965	11	23000640:23000640	C/A	0.384466	C	stem diameter	1.81e-12			33159401		Plantmorphology(191)		23000640	yes	C/C
73477	osa16467965	11	23000640:23000640	C/A	0.384466	C	stem diameter	1.16e-12			33159401		Plantmorphology(191)		23000640	yes	C/C
73478	osa16467965	11	23000640:23000640	C/A	0.384466	C	stem diameter	1.06e-12			33159401		Plantmorphology(191)		23000640	yes	C/C
73485	osa16468815	11	23011513:23011513	C/T	0.478239	C	stem diameter	1.5e-13			33159401		Plantmorphology(191)		23011513	yes	C/C
73486	osa16468815	11	23011513:23011513	C/T	0.478239	C	stem diameter	2.34e-13			33159401		Plantmorphology(191)		23011513	yes	C/C
73487	osa16468815	11	23011513:23011513	C/T	0.478239	C	stem diameter	8.67e-13			33159401		Plantmorphology(191)		23011513	yes	C/C
73490	osa16469246	11	23015159:23015159	C/G	0.475384	C	stem diameter	8.02e-14			33159401		Plantmorphology(191)		23015159	yes	C/C
73491	osa16469246	11	23015159:23015159	C/G	0.475384	C	stem diameter	8.93e-15			33159401		Plantmorphology(191)		23015159	yes	C/C
73492	osa16469246	11	23015159:23015159	C/G	0.475384	C	stem diameter	8.01e-15			33159401		Plantmorphology(191)		23015159	yes	C/C
73493	osa16469246	11	23015159:23015159	C/G	0.475384	C	stem diameter	3.42e-13			33159401		Plantmorphology(191)		23015159	yes	C/C
73494	osa16469246	11	23015159:23015159	C/G	0.475384	C	stem diameter	4.16e-13			33159401		Plantmorphology(191)		23015159	yes	C/C
73495	osa16469246	11	23015159:23015159	C/G	0.475384	C	stem diameter	1.67e-12			33159401		Plantmorphology(191)		23015159	yes	C/C
73513	osa16469826	11	23022948:23022948	C/A	0.258449	A	rice bacterial blight disease resistance	8.75e-09			34077549		Stress(66)		23022948	yes	C/A
73514	osa16469826	11	23022948:23022948	C/A	0.258449	A	rice bacterial blight disease resistance	8.75e-09			34467412		Stress(66)		23022948	yes	C/A
73524	osa16470952	11	23042145:23042145	A/T	0.411059	A	shoot fresh weight	5.41e-07	11.9		29078746		Plantmorphology(191)		23042145	yes	A/A
73525	osa16470952	11	23042145:23042145	A/T	0.411059	A	shoot dry weight	5.35e-06	10.3		29078746		Plantmorphology(191)		23042145	yes	A/A
73526	osa16470952	11	23042145:23042145	A/T	0.411059	A	shoot dry weight	1.51e-06	11.0		29078746		Plantmorphology(191)		23042145	yes	A/A
73527	osa16470952	11	23042145:23042145	A/T	0.411059	A	root dry weight	6.62e-06	9.5		29078746		Plantmorphology(191)		23042145	yes	A/A
73959	osa16541256	11	24293732:24293732	G/A	0.236612	G	flavonoid leaf content	0.000156	5.0		29163588		Biochemical(103)		24293732	yes	G/G
73975	osa16546979	11	24409073:24409073	T/C	0.181747	T	chlorophyll content	9.5e-06			30796281		Biochemical(103)		24409073	yes	T/T
74000	osa16562301	11	24705712:24705712	T/A	0.0883918	A	rice bacterial blight disease resistance	3.56e-17		1.0	34077549		Stress(66)		24705712	yes	T/A
74001	osa16562301	11	24705712:24705712	T/A	0.0883918	A	rice bacterial blight disease resistance	6.27e-11			34077549		Stress(66)		24705712	yes	T/A
74002	osa16562301	11	24705712:24705712	T/A	0.0883918	A	rice bacterial blight disease resistance	1.85e-12			34077549		Stress(66)		24705712	yes	T/A
74003	osa16562301	11	24705712:24705712	T/A	0.0883918	A	rice bacterial blight disease resistance	3.28e-12			34077549		Stress(66)		24705712	yes	T/A
74004	osa16562301	11	24705712:24705712	T/A	0.0883918	A	rice bacterial blight disease resistance	5.74e-12			34077549		Stress(66)		24705712	yes	T/A
74005	osa16562301	11	24705712:24705712	T/A	0.0883918	A	rice bacterial blight disease resistance	3.28e-12			34467412		Stress(66)		24705712	yes	T/A
74006	osa16562301	11	24705712:24705712	T/A	0.0883918	A	rice bacterial blight disease resistance	6.27e-11			34467412		Stress(66)		24705712	yes	T/A
74007	osa16562301	11	24705712:24705712	T/A	0.0883918	A	rice bacterial blight disease resistance	1.85e-12			34467412		Stress(66)		24705712	yes	T/A
74008	osa16562301	11	24705712:24705712	T/A	0.0883918	A	rice bacterial blight disease resistance	9.05e-10	18.81	1.0	33830376		Stress(66)		24705712	yes	T/A
74009	osa16562301	11	24705712:24705712	T/A	0.0883918	A	rice bacterial blight disease resistance	3.56e-17		1.0	34467412		Stress(66)		24705712	yes	T/A
74010	osa16562313	11	24705745:24705745	A/T	0.138062	T	rice bacterial blight disease resistance	5.54e-09			34467412		Stress(66)		24705745	yes	A/T
74011	osa16562313	11	24705745:24705745	A/T	0.138062	T	rice bacterial blight disease resistance	5.33e-10			34077549		Stress(66)		24705745	yes	A/T
74012	osa16562313	11	24705745:24705745	A/T	0.138062	T	rice bacterial blight disease resistance	5.54e-09			34077549		Stress(66)		24705745	yes	A/T
74013	osa16562313	11	24705745:24705745	A/T	0.138062	T	rice bacterial blight disease resistance	2.92e-07			28355306		Stress(66)		24705745	yes	A/T
74014	osa16562317	11	24705767:24705767	G/T	0.139594	T	rice bacterial blight disease resistance	6.82e-07	12.64		33830376		Stress(66)		24705767	yes	G/T
74015	osa16562421	11	24706636:24706636	A/T	0.128242	T	rice bacterial blight disease resistance	2.82e-07	13.02		33830376		Stress(66)		24706636	yes	A/T
74020	osa16564272	11	24727055:24727055	T/C	0.311132	T	water content of grain	2.14e-08			32303966		Biochemical(103)		24727055	yes	T/T
74028	osa16569758	11	24791219:24791219	T/C	0.362963	T	seed fertility	0.000947			28282385		Plantmorphology(191)		24791219	yes	T/T
74071	osa16591606	11	25113696:25113696	A/G	0.194672	A	seed fertility	0.000699			28282385		Plantmorphology(191)		25113696	yes	A/A
74149	osa16609194	11	25455238:25455238	A/G	0.0410518	G	tiller number	2.37e-07			34610789		Plantmorphology(191)		25455238	yes	A/G
74203	osa16614286	11	25562299:25562299	C/A	0.351553	C	plant height	6.76e-06			35371188		Plantmorphology(191)		25562299	yes	C/C
74211	osa16614615	11	25566515:25566515	G/A	0.450827	G	lignin content	0.000179			25371505		Biochemical(103)		25566515	yes	G/G
74212	osa16614760	11	25568647:25568647	G/C	0.388278	G	relative total lesion length	2.65e-06			31853678		Stress(66)		25568647	yes	G/G
74216	osa16614976	11	25571873:25571873	A/G	0.393316	A	grain yield per plant	1.92e-07			32303966		Yield(14)		25571873	yes	A/A
74217	osa16615296	11	25575455:25575455	C/T	0.35124	C	relative total lesion length	3.23e-06			31853678		Stress(66)		25575455	yes	C/C
74219	osa16615480	11	25577761:25577761	C/A	0.356299	C	relative total lesion length	2.85e-06			31853678		Stress(66)		25577761	yes	C/C
74220	osa16615503	11	25578153:25578153	C/T	0.384666	C	relative total lesion length	3.91e-06			31853678		Stress(66)		25578153	yes	C/C
74221	osa16615556	11	25578669:25578669	C/T	0.380206	C	relative total lesion length	4.21e-06			31853678		Stress(66)		25578669	yes	C/C
74222	osa16615574	11	25578771:25578771	C/T	0.370975	C	relative total lesion length	3.54e-06			31853678		Stress(66)		25578771	yes	C/C
74224	osa16615617	11	25579038:25579038	G/A	0.375184	G	relative total lesion length	2.42e-06			31853678		Stress(66)		25579038	yes	G/G
74225	osa16615617	11	25579038:25579038	G/A	0.375184	G	relative total lesion length	3.41e-06			31853678		Stress(66)		25579038	yes	G/G
76113	osa16673596	11	26616334:26616334	A/G	0.39873	A	rice yellow mottle virus resistance	2.03e-06			32936396		Stress(66)		26616334	yes	A/A
78412	osa16703078	11	27252798:27252798	T/A	0.180388	A	root tip number	7.92e-06			29981171		Plantmorphology(191)		27252798	yes	A/A
78430	osa16703303	11	27253869:27253869	C/T	0.112678	T	root tip number	1.69e-06			29981171		Plantmorphology(191)		27253869	yes	C/T
78431	osa16703303	11	27253869:27253869	C/T	0.112678	T	root tip number	5.04e-06			29981171		Plantmorphology(191)		27253869	yes	C/T
92978	osa16755977	11	28099262:28099262	G/A	0.0254474	A	rice bacterial blight disease resistance	6.47e-10			34467412		Stress(66)		28099262	yes	G/A
92979	osa16755977	11	28099262:28099262	G/A	0.0254474	A	rice bacterial blight disease resistance	2.75e-08			34467412		Stress(66)		28099262	yes	G/A
92980	osa16755977	11	28099262:28099262	G/A	0.0254474	A	rice bacterial blight disease resistance	6.47e-10			34077549		Stress(66)		28099262	yes	G/A
92981	osa16755977	11	28099262:28099262	G/A	0.0254474	A	rice bacterial blight disease resistance	2.75e-08			34077549		Stress(66)		28099262	yes	G/A
94136	osa16762269	11	28246941:28246941	C/T	0.440052	T	rice bacterial blight disease resistance	6.6e-12			34467412		Stress(66)		28246941	yes	T/T
94137	osa16762269	11	28246941:28246941	C/T	0.440052	T	rice bacterial blight disease resistance	6.99e-10			34077549		Stress(66)		28246941	yes	T/T
94138	osa16762269	11	28246941:28246941	C/T	0.440052	T	rice bacterial blight disease resistance	6.6e-12			34077549		Stress(66)		28246941	yes	T/T
95200	osa16768521	11	28436647:28436647	T/A	0.0523787	A	rice bacterial blight disease resistance	2.24e-08			33638765		Stress(66)		28436647	yes	A/A
95206	osa16768574	11	28437178:28437178	A/T	0.0726289	T	rice bacterial blight disease resistance	6.04e-12			34077549		Stress(66)		28437178	yes	T/T
95207	osa16768574	11	28437178:28437178	A/T	0.0726289	T	rice bacterial blight disease resistance	1.23e-11			34077549		Stress(66)		28437178	yes	T/T
95208	osa16768574	11	28437178:28437178	A/T	0.0726289	T	rice bacterial blight disease resistance	9.02e-11			34077549		Stress(66)		28437178	yes	T/T
95209	osa16768574	11	28437178:28437178	A/T	0.0726289	T	rice bacterial blight disease resistance	1.83e-16			34077549		Stress(66)		28437178	yes	T/T
95210	osa16768574	11	28437178:28437178	A/T	0.0726289	T	rice bacterial blight disease resistance	9.02e-11			34467412		Stress(66)		28437178	yes	T/T
95211	osa16768574	11	28437178:28437178	A/T	0.0726289	T	rice bacterial blight disease resistance	1.83e-16			34467412		Stress(66)		28437178	yes	T/T
95212	osa16768574	11	28437178:28437178	A/T	0.0726289	T	rice bacterial blight disease resistance	1.23e-11			34467412		Stress(66)		28437178	yes	T/T
95223	osa16768602	11	28437346:28437346	C/A	0.0443122	A	rice bacterial blight disease resistance	2.61e-08			34077549		Stress(66)		28437346	yes	A/A
95224	osa16768602	11	28437346:28437346	C/A	0.0443122	A	rice bacterial blight disease resistance	1.78e-08			33638765		Stress(66)		28437346	yes	A/A
95254	osa16768731	11	28438048:28438048	G/A	0.101934	A	rice bacterial blight disease resistance	1.41e-08			34467412		Stress(66)		28438048	yes	A/A
95255	osa16768731	11	28438048:28438048	G/A	0.101934	A	rice bacterial blight disease resistance	2.99e-10			34467412		Stress(66)		28438048	yes	A/A
95256	osa16768731	11	28438048:28438048	G/A	0.101934	A	rice bacterial blight disease resistance	6.35e-09			34467412		Stress(66)		28438048	yes	A/A
95257	osa16768731	11	28438048:28438048	G/A	0.101934	A	rice bacterial blight disease resistance	3.56e-09			34077549		Stress(66)		28438048	yes	A/A
95258	osa16768731	11	28438048:28438048	G/A	0.101934	A	rice bacterial blight disease resistance	2.99e-10			34077549		Stress(66)		28438048	yes	A/A
95259	osa16768731	11	28438048:28438048	G/A	0.101934	A	rice bacterial blight disease resistance	6.35e-09			34077549		Stress(66)		28438048	yes	A/A
95260	osa16768731	11	28438048:28438048	G/A	0.101934	A	rice bacterial blight disease resistance	1.41e-08			34077549		Stress(66)		28438048	yes	A/A
97533	osa16837949	12	1028487:1028487	C/T	0.46757	C	germination index	0.000717			28282385		Plantvigor(23)		1028487	yes	C/C
97558	osa1685350	1	35049193:35049193	T/C	0.482494	T	relative germination energy	2e-06			35463411		Stress(66)		35049193	yes	T/T
97559	osa1685350	1	35049193:35049193	T/C	0.482494	T	relative germination energy	2.13e-06			35463411		Stress(66)		35049193	yes	T/T
97975	osa16893142	12	2272992:2272992	C/T	0.0183252	T	days to heading	7.82e-05			35576158		Plantgrowth_Development(17)		2272992	yes	T/T
97996	osa16904352	12	2514914:2514914	G/A	0.4774	G	sulfur content	3.72e-07			35371188		Biochemical(103)		2514914	yes	G/G
98165	osa1692630	1	35199470:35199470	T/C	0.0811214	T	resistant starch	8.45e-05	12.83		31430915		Plant_quality(26)		35199470	yes	T/T
98202	osa16945255	12	3259486:3259486	A/G	0.202355	A	days to heading	0.00023			33333227		Plantgrowth_Development(17)		3259486	yes	A/A
98616	osa17031869	12	4941076:4941076	C/T	0.370096	C	days to flowering trait	3.32e-05	3.14		21915109		Plantgrowth_Development(17)		4941076	yes	C/C
98718	osa17090369	12	6217077:6217077	G/A	0.312419	A	rice bacterial blight disease resistance	1.38e-06	15.46		33830376		Stress(66)		6217077	yes	A/A
99322	osa17168206	12	7737318:7737318	T/C	0.253005	T	stem diameter	2.63e-11			33159401		Plantmorphology(191)		7737318	yes	T/T
99323	osa17168206	12	7737318:7737318	T/C	0.253005	T	stem diameter	6.09e-11			33159401		Plantmorphology(191)		7737318	yes	T/T
99531	osa17240898	12	9090365:9090365	T/C	0.376892	T	seed fertility	0.000919			28282385		Plantmorphology(191)		9090365	yes	T/T
99745	osa17458562	12	12814132:12814132	T/C	0.11687	T	arsenic accumulation	6.58e-05			24586963		Biochemical(103)		12814132	yes	T/T
99746	osa17458691	12	12814894:12814894	A/G	0.175782	A	salt tolerance index of root length	9.31e-05	16.81		35557725		Stress(66)		12814894	yes	A/A
99747	osa17459034	12	12817350:12817350	G/A	0.17523	G	spikelet number	1.61e-05			31792643		Plantmorphology(191)		12817350	yes	G/G
99813	osa1748941	1	36588545:36588545	G/A	0.437063	A	days to heading	9.09e-05			27322545		Plantgrowth_Development(17)		36588545	yes	A/A
99814	osa1748990	1	36591847:36591847	C/T	0.109669	T	days to heading	3.75e-05			27322545		Plantgrowth_Development(17)		36591847	yes	T/T
99848	osa17527160	12	14256332:14256332	T/C	0.246736	T	grain silica concentration	2.09e-06			35371188		Biochemical(103)		14256332	yes	T/T
99854	osa17528662	12	14281821:14281821	C/T	0.236191	C	seed fertility	0.000842			28282385		Plantmorphology(191)		14281821	yes	C/C
99858	osa17533293	12	14360470:14360470	A/G	0.115654	A	mesocotyl elongation	2.01e-06	14.63		31906181		Plantgrowth_Development(17)		14360470	yes	A/A
99859	osa17533293	12	14360470:14360470	A/G	0.115654	A	mesocotyl elongation	2.37e-06	14.58		31906181		Plantgrowth_Development(17)		14360470	yes	A/A
99872	osa17544548	12	14532657:14532657	T/C	0.219277	T	germination index	0.000551			28282385		Plantvigor(23)		14532657	yes	T/T
99875	osa17548250	12	14605749:14605749	A/G	0.193121	A	seed fertility	0.000411			28282385		Plantmorphology(191)		14605749	yes	A/A
99876	osa17548250	12	14605749:14605749	A/G	0.193121	A	seed weight	0.000492			28282385		Plantmorphology(191)		14605749	yes	A/A
99922	osa1758348	1	36880706:36880706	T/C	0.470998	T	tiller number	1.68e-05			31222528		Plantmorphology(191)		36880706	yes	T/T
99992	osa17630882	12	16155447:16155447	C/A	0.257344	C	days to heading	0.000757	38.91		29872443		Plantgrowth_Development(17)		16155447	yes	C/C
100924	osa1766762	1	37112077:37112077	A/C	0.360219	A	spikelet number	2.61e-09		1.0	33509071		Plantmorphology(191)		37112077	yes	A/A
101692	osa17670862	12	17086365:17086365	G/A	0.467428	G	rice bacterial blight disease resistance	1.56e-08			34467412		Stress(66)		17086365	yes	G/G
101693	osa17670862	12	17086365:17086365	G/A	0.467428	G	rice bacterial blight disease resistance	1.56e-08			34077549		Stress(66)		17086365	yes	G/G
101744	osa17671364	12	17180061:17180061	A/C	0.472591	A	rice bacterial blight disease resistance	7.25e-09			28355306		Stress(66)		17180061	yes	A/A
101745	osa17671364	12	17180061:17180061	A/C	0.472591	A	rice bacterial blight disease resistance	9.53e-09			34467412		Stress(66)		17180061	yes	A/A
101746	osa17671364	12	17180061:17180061	A/C	0.472591	A	rice bacterial blight disease resistance	9.53e-09			34077549		Stress(66)		17180061	yes	A/A
104157	osa17676513	12	17282922:17282922	A/G	0.473364	A	rice bacterial blight disease resistance	1.87e-09			34077549		Stress(66)		17282922	yes	A/A
104158	osa17676513	12	17282922:17282922	A/G	0.473364	A	rice bacterial blight disease resistance	1.87e-09			34467412		Stress(66)		17282922	yes	A/A
104159	osa17676513	12	17282922:17282922	A/G	0.473364	A	rice bacterial blight disease resistance	1.46e-08			33638765		Stress(66)		17282922	yes	A/A
104160	osa17676513	12	17282922:17282922	A/G	0.473364	A	m. graminicola resistance	4.51e-05			26552884		Stress(66)		17282922	yes	A/A
104378	osa17676634	12	17295873:17295873	A/C	0.474913	A	rice bacterial blight disease resistance	6.24e-09			34077549		Stress(66)		17295873	yes	A/A
104379	osa17676634	12	17295873:17295873	A/C	0.474913	A	rice bacterial blight disease resistance	6.24e-09			34467412		Stress(66)		17295873	yes	A/A
105340	osa17678830	12	17335983:17335983	T/C	0.43364	T	rice bacterial blight disease resistance	1.97e-08			34077549		Stress(66)		17335983	yes	T/T
105341	osa17678830	12	17335983:17335983	T/C	0.43364	T	rice bacterial blight disease resistance	1.97e-08			34467412		Stress(66)		17335983	yes	T/T
105638	osa17679657	12	17347113:17347113	A/G	0.438771	A	rice bacterial blight disease resistance	1.07e-11			34077549		Stress(66)		17347113	yes	A/G
105639	osa17679657	12	17347113:17347113	A/G	0.438771	A	rice bacterial blight disease resistance	9.84e-10			34077549		Stress(66)		17347113	yes	A/G
105640	osa17679657	12	17347113:17347113	A/G	0.438771	A	rice bacterial blight disease resistance	1.07e-11			34467412		Stress(66)		17347113	yes	A/G
105641	osa17679657	12	17347113:17347113	A/G	0.438771	A	rice bacterial blight disease resistance	9.84e-10			34467412		Stress(66)		17347113	yes	A/G
105691	osa17679716	12	17348115:17348115	G/C	0.493025	G	rice bacterial blight disease resistance	1.9e-12			34077549		Stress(66)		17348115	yes	G/G
105692	osa17679716	12	17348115:17348115	G/C	0.493025	G	rice bacterial blight disease resistance	1.69e-10			34077549		Stress(66)		17348115	yes	G/G
105693	osa17679716	12	17348115:17348115	G/C	0.493025	G	rice bacterial blight disease resistance	1.34e-08			34077549		Stress(66)		17348115	yes	G/G
105694	osa17679716	12	17348115:17348115	G/C	0.493025	G	rice bacterial blight disease resistance	1.9e-12			34467412		Stress(66)		17348115	yes	G/G
105695	osa17679716	12	17348115:17348115	G/C	0.493025	G	rice bacterial blight disease resistance	1.69e-10			34467412		Stress(66)		17348115	yes	G/G
105696	osa17679716	12	17348115:17348115	G/C	0.493025	G	rice bacterial blight disease resistance	3.12e-08			33638765		Stress(66)		17348115	yes	G/G
105697	osa17679717	12	17348148:17348148	A/G	0.457694	A	rice bacterial blight disease resistance	2.9e-08			33638765		Stress(66)		17348148	yes	A/A
105698	osa17679717	12	17348148:17348148	A/G	0.457694	A	rice bacterial blight disease resistance	8.16e-10			34077549		Stress(66)		17348148	yes	A/A
105699	osa17679717	12	17348148:17348148	A/G	0.457694	A	rice bacterial blight disease resistance	2.74e-11			34077549		Stress(66)		17348148	yes	A/A
105700	osa17679717	12	17348148:17348148	A/G	0.457694	A	rice bacterial blight disease resistance	8.16e-10			34467412		Stress(66)		17348148	yes	A/A
105701	osa17679717	12	17348148:17348148	A/G	0.457694	A	rice bacterial blight disease resistance	2.74e-11			34467412		Stress(66)		17348148	yes	A/A
105705	osa17679736	12	17348888:17348888	G/A	0.494525	G	rice bacterial blight disease resistance	5.07e-12			34077549		Stress(66)		17348888	yes	G/G
105706	osa17679736	12	17348888:17348888	G/A	0.494525	G	rice bacterial blight disease resistance	2.88e-09			34077549		Stress(66)		17348888	yes	G/G
105707	osa17679736	12	17348888:17348888	G/A	0.494525	G	rice bacterial blight disease resistance	1.53e-10			34077549		Stress(66)		17348888	yes	G/G
105708	osa17679736	12	17348888:17348888	G/A	0.494525	G	rice bacterial blight disease resistance	5.07e-12			34467412		Stress(66)		17348888	yes	G/G
105709	osa17679736	12	17348888:17348888	G/A	0.494525	G	rice bacterial blight disease resistance	1.53e-10			34467412		Stress(66)		17348888	yes	G/G
105710	osa17679736	12	17348888:17348888	G/A	0.494525	G	rice bacterial blight disease resistance	2.69e-08			33638765		Stress(66)		17348888	yes	G/G
108274	osa17683079	12	17399161:17399161	T/C	0.453998	T	rice bacterial blight disease resistance	5.6e-11			34467412		Stress(66)		17399161	yes	T/T
108275	osa17683079	12	17399161:17399161	T/C	0.453998	T	rice bacterial blight disease resistance	2.94e-09			34467412		Stress(66)		17399161	yes	T/T
108276	osa17683079	12	17399161:17399161	T/C	0.453998	T	rice bacterial blight disease resistance	2.94e-09			34077549		Stress(66)		17399161	yes	T/T
108277	osa17683079	12	17399161:17399161	T/C	0.453998	T	rice bacterial blight disease resistance	5.6e-11			34077549		Stress(66)		17399161	yes	T/T
108286	osa17683111	12	17400537:17400537	C/A	0.398973	C	rice bacterial blight disease resistance	1.8e-08			34077549		Stress(66)		17400537	yes	C/C
108287	osa17683111	12	17400537:17400537	C/A	0.398973	C	rice bacterial blight disease resistance	1.8e-08			34467412		Stress(66)		17400537	yes	C/C
108288	osa17683112	12	17400550:17400550	T/G	0.396681	T	rice bacterial blight disease resistance	2.13e-08			34467412		Stress(66)		17400550	yes	T/T
108289	osa17683112	12	17400550:17400550	T/G	0.396681	T	rice bacterial blight disease resistance	2.13e-08			34077549		Stress(66)		17400550	yes	T/T
108292	osa17683116	12	17400784:17400784	T/C	0.36724	T	rice bacterial blight disease resistance	1.96e-08			34467412		Stress(66)		17400784	yes	T/T
108293	osa17683116	12	17400784:17400784	T/C	0.36724	T	rice bacterial blight disease resistance	1.96e-08			34077549		Stress(66)		17400784	yes	T/T
108294	osa17683127	12	17400987:17400987	T/G	0.436911	T	rice bacterial blight disease resistance	1.15e-08			34077549		Stress(66)		17400987	yes	T/T
108295	osa17683127	12	17400987:17400987	T/G	0.436911	T	rice bacterial blight disease resistance	1.15e-08			34467412		Stress(66)		17400987	yes	T/T
108303	osa17683137	12	17401128:17401128	C/T	0.430821	C	rice bacterial blight disease resistance	1.48e-09			34467412		Stress(66)		17401128	yes	C/C
108304	osa17683137	12	17401128:17401128	C/T	0.430821	C	rice bacterial blight disease resistance	1.48e-09			34077549		Stress(66)		17401128	yes	C/C
109260	osa17705365	12	17808507:17808507	T/C	0.424139	T	uppermost internode	7.93e-05			31535313		Yield(14)		17808507	yes	T/T
109340	osa17739123	12	18363406:18363406	C/T	0.47564	C	mesocotyl length	0.000255	6.48		34349792		Plantmorphology(191)		18363406	yes	C/C
109341	osa17739430	12	18365206:18365206	C/T	0.462751	C	mesocotyl length	0.000228	6.52		34349792		Plantmorphology(191)		18365206	yes	C/C
109389	osa1775956	1	37391135:37391135	T/C	0.355212	T	relative lignin content	0.000898			25371505		Stress(66)		37391135	yes	T/T
109393	osa17761464	12	18889878:18889878	A/G	0.0426704	A	chlorophyll content	7.11e-06			30796281		Biochemical(103)		18889878	yes	A/A
109609	osa17842335	12	20854338:20854338	T/C	0.22271	T	root weight	2.29e-08	0.38	1.0	34215814		Plantmorphology(191)		20854338	yes	T/T
109716	osa17888862	12	21773741:21773741	T/G	0.234689	T	grain volume	5.48e-08			34408762		Plantmorphology(191)		21773741	yes	T/T
109793	osa17892894	12	21835652:21835652	G/A	0.375599	G	total lesion length	1.54e-06			31853678		Stress(66)		21835652	yes	G/G
109833	osa17894025	12	21853599:21853599	C/T	0.387363	C	total lesion length	1.72e-06			31853678		Stress(66)		21853599	yes	C/C
109838	osa17894133	12	21854939:21854939	A/G	0.380453	A	total lesion length	2.1e-06			31853678		Stress(66)		21854939	yes	A/A
109951	osa17896515	12	21890579:21890579	T/C	0.387686	T	total lesion length	2.01e-06			31853678		Stress(66)		21890579	yes	T/T
109978	osa17897625	12	21904842:21904842	G/A	0.287735	A	total lesion length	2.04e-06			31853678		Stress(66)		21904842	yes	G/A
109994	osa17897936	12	21907814:21907814	A/T	0.366394	A	total lesion length	3.17e-06			31853678		Stress(66)		21907814	yes	A/A
110008	osa17912599	12	22145309:22145309	A/G	0.444541	A	seed weight	0.000572			28282385		Plantmorphology(191)		22145309	yes	A/A
110231	osa17991089	12	23629169:23629169	T/C	0.391976	T	guard cell width on the adaxial surface	1.3e-06			32582301		Biologicalprocess(19)		23629169	yes	T/T
110447	osa18050762	12	24896242:24896242	C/T	0.212176	C	germination index	0.000637			28282385		Plantvigor(23)		24896242	yes	C/C
110448	osa18051076	12	24899682:24899682	A/C	0.177348	A	germination index	0.000676			28282385		Plantvigor(23)		24899682	yes	A/A
110449	osa18051184	12	24904065:24904065	G/A	0.192053	G	germination index	0.000353			28282385		Plantvigor(23)		24904065	yes	G/G
110450	osa18051274	12	24906672:24906672	T/G	0.168286	T	chlorophyll content	3.35e-06			30796281		Biochemical(103)		24906672	yes	T/T
110451	osa18051274	12	24906672:24906672	T/G	0.168286	T	chlorophyll content	2.06e-06			30796281		Biochemical(103)		24906672	yes	T/T
110649	osa18108179	12	26240690:26240690	A/C	0.401776	A	salt tolerance	1.45e-06	3.87		32561778		Stress(66)		26240690	yes	A/A
113176	osa1907935	1	40418445:40418445	G/A	0.196632	G	small vascular bundle number	1.2e-07	19.09		33288021		Plantmorphology(191)		40418445	yes	G/G
113179	osa1908334	1	40428326:40428326	C/T	0.198511	C	total biomass yield	5e-06	6.9		35281797		Plantmorphology(191)		40428326	yes	C/C
161761	osa1948236	1	41281291:41281291	G/A	0.491775	G	sulfur content	2.45e-06			35371188		Biochemical(103)		41281291	yes	G/G
162002	osa1963895	1	41751939:41751939	C/T	0.191446	C	germination index	4.47e-05			28282385		Plantvigor(23)		41751939	yes	C/C
162003	osa1963918	1	41752359:41752359	C/T	0.206874	C	germination index	2.94e-05			28282385		Plantvigor(23)		41752359	yes	C/C
162009	osa1964796	1	41774115:41774115	A/G	0.382831	A	germination index	7.88e-05			28282385		Plantvigor(23)		41774115	yes	A/A
162028	osa1965561	1	41812376:41812376	T/C	0.365647	T	germination index	0.000702			28282385		Plantvigor(23)		41812376	yes	T/T
162205	osa1978031	1	42050647:42050647	T/C	0.421447	T	flag leaf length	6.7e-05	4.22		26673149		Plantmorphology(191)		42050647	yes	T/T
162206	osa1978031	1	42050647:42050647	T/C	0.421447	T	flag leaf length/width	9.04e-05	4.09		26673149		Plantmorphology(191)		42050647	yes	T/T
162239	osa1980770	1	42102726:42102726	A/T	0.132467	A	seed weight	8.74e-05			28282385		Plantmorphology(191)		42102726	yes	A/A
162240	osa1980827	1	42104248:42104248	A/G	0.498522	A	grain length to width ratio	0.000261			28374863		Plantmorphology(191)		42104248	yes	A/A
162241	osa1980827	1	42104248:42104248	A/G	0.498522	A	panicle width	0.000585			28374863		Plantmorphology(191)		42104248	yes	A/A
163957	osa2190047	2	3882155:3882155	T/C	0.0804671	T	straighthead disorder severity rate	7.41e-06			35371188		Plantmorphology(191)		3882155	yes	T/T
164383	osa2277991	2	5877109:5877109	G/A	0.437933	G	chlorophyll a content	1e-08		1.0	25747843		Biochemical(103)		5877109	yes	G/G
164384	osa2277991	2	5877109:5877109	G/A	0.437933	G	chlorophyll content	2.3e-08		1.0	25747843		Biochemical(103)		5877109	yes	G/G
164433	osa228543	1	5188831:5188831	C/T	0.107532	C	panicle length	2.54e-07			34487253		Plantmorphology(191)		5188831	yes	C/C
164999	osa2289539	2	6104726:6104726	G/T	0.353774	G	stem thickness	2.29e-11			33159401		Plantmorphology(191)		6104726	yes	G/G
165000	osa2289539	2	6104726:6104726	G/T	0.353774	G	stem thickness	2.05e-11			33159401		Plantmorphology(191)		6104726	yes	G/G
165001	osa2289539	2	6104726:6104726	G/T	0.353774	G	stem thickness	2.91e-13			33159401		Plantmorphology(191)		6104726	yes	G/G
165002	osa2289539	2	6104726:6104726	G/T	0.353774	G	breaking strength of the basal internode	1.98e-11			33159401		Plantmorphology(191)		6104726	yes	G/G
170597	osa2292501	2	6171874:6171874	C/A	0.33743	C	stem thickness	2.91e-13			33159401		Plantmorphology(191)		6171874	yes	C/C
170598	osa2292501	2	6171874:6171874	C/A	0.33743	C	stem thickness	2.05e-11			33159401		Plantmorphology(191)		6171874	yes	C/C
170599	osa2292501	2	6171874:6171874	C/A	0.33743	C	stem thickness	2.29e-11			33159401		Plantmorphology(191)		6171874	yes	C/C
170600	osa2292501	2	6171874:6171874	C/A	0.33743	C	breaking strength of the basal internode	1.98e-11			33159401		Plantmorphology(191)		6171874	yes	C/C
170636	osa2292651	2	6174238:6174238	G/A	0.331873	G	stem diameter	5.61e-11			33159401		Plantmorphology(191)		6174238	yes	G/G
170637	osa2292651	2	6174238:6174238	G/A	0.331873	G	stem diameter	7.34e-11			33159401		Plantmorphology(191)		6174238	yes	G/G
170638	osa2292651	2	6174238:6174238	G/A	0.331873	G	stem thickness	6.4e-12			33159401		Plantmorphology(191)		6174238	yes	G/G
170642	osa2292689	2	6175088:6175088	A/G	0.329687	A	stem thickness	1.2e-11			33159401		Plantmorphology(191)		6175088	yes	A/A
171073	osa2352444	2	7382634:7382634	G/A	0.397768	G	root to shoot ratio	1.51e-08	4.73	1.0	34215814		Plantmorphology(191)		7382634	yes	G/G
171078	osa2353510	2	7398603:7398603	A/T	0.313099	A	plant height	1.14e-08		1.0	32303966		Plantmorphology(191)		7398603	yes	A/A
171085	osa2354119	2	7413964:7413964	C/G	0.378796	C	rice endosperm type trait	8.8e-06	20.3		33367255		Plantmorphology(191)		7413964	yes	C/C
171125	osa2370333	2	7699096:7699096	A/G	0.356829	A	plant height	0.00072	3.95		32407369		Plantmorphology(191)		7699096	yes	A/A
171456	osa2375128	2	7787127:7787127	A/G	0.359546	A	spikelet number	6.05e-06			27322545		Plantmorphology(191)		7787127	yes	A/A
171479	osa2375489	2	7791443:7791443	C/T	0.376882	C	1000-grain weight	5.27e-08			33767346		Plantmorphology(191)		7791443	yes	C/C
171481	osa2375504	2	7791662:7791662	A/G	0.37525	A	1000-grain weight	1.61e-09			33767346		Plantmorphology(191)		7791662	yes	A/A
171486	osa2375547	2	7792121:7792121	G/A	0.379974	G	1000-grain weight	9.21e-08			33767346		Plantmorphology(191)		7792121	yes	G/G
171490	osa2375616	2	7792973:7792973	A/G	0.404267	A	1000-grain weight	5.32e-08			33767346		Plantmorphology(191)		7792973	yes	A/A
171500	osa2376389	2	7805704:7805704	T/C	0.347401	T	1000-grain weight	5.53e-07			33767346		Plantmorphology(191)		7805704	yes	T/T
171504	osa2378080	2	7835261:7835261	A/G	0.358861	A	1000-grain weight	3.06e-07			33767346		Plantmorphology(191)		7835261	yes	A/A
171517	osa2379436	2	7878271:7878271	G/A	0.348137	G	1000-grain weight	5.53e-07			33767346		Plantmorphology(191)		7878271	yes	G/G
171519	osa2379856	2	7880693:7880693	A/G	0.352099	A	1000-grain weight	5.53e-07			33767346		Plantmorphology(191)		7880693	yes	A/A
171522	osa2380063	2	7882775:7882775	A/G	0.395802	A	1000-grain weight	3.06e-07			33767346		Plantmorphology(191)		7882775	yes	A/A
171523	osa2380644	2	7899700:7899700	T/A	0.385187	T	1000-grain weight	1.72e-07			33767346		Plantmorphology(191)		7899700	yes	T/T
171530	osa2381242	2	7907019:7907019	T/C	0.384909	T	1000-grain weight	3.06e-07			33767346		Plantmorphology(191)		7907019	yes	T/T
171540	osa2382546	2	7923531:7923531	G/A	0.443862	G	1000-grain weight	5.7e-07			33767346		Plantmorphology(191)		7923531	yes	G/G
171576	osa2393590	2	8153180:8153180	A/C	0.259188	A	the xylem area of large vascular bundle	4.3e-07	9.23		33288021		Plantmorphology(191)		8153180	yes	A/A
171763	osa2433514	2	8956660:8956660	G/A	0.0923543	G	spikelet number	1.97e-06			27322545		Plantmorphology(191)		8956660	yes	G/G
171780	osa2449870	2	9472738:9472738	T/C	0.0873108	T	germination index	0.000913			28282385		Plantvigor(23)		9472738	yes	T/T
171955	osa2538895	2	11034795:11034795	C/T	0.0471647	T	plant height	1.36e-07	7.0		25295980		Plantmorphology(191)		11034795	yes	T/T
171970	osa2542623	2	11096579:11096579	C/T	0.0504068	T	days to heading	6.03e-06			35371188		Plantgrowth_Development(17)		11096579	yes	T/T
172032	osa2551693	2	11253064:11253064	T/C	0.313665	T	plant height	7.5e-09		1.0	32303966		Plantmorphology(191)		11253064	yes	T/T
172135	osa2609931	2	12414750:12414750	T/C	0.375058	T	panicle number	3.16e-06			31208337		Biologicalprocess(19)		12414750	yes	T/T
172144	osa2626436	2	12706170:12706170	A/G	0.110823	A	grain length to width ratio	3.84e-08	12.35		35162989		Plantmorphology(191)		12706170	yes	A/A
172145	osa2626436	2	12706170:12706170	A/G	0.110823	A	grain length to width ratio	5.9e-08	12.21		35162989		Plantmorphology(191)		12706170	yes	A/A
172146	osa2626436	2	12706170:12706170	A/G	0.110823	A	grain length to width ratio	1.03e-07	11.6		35162989		Plantmorphology(191)		12706170	yes	A/A
172169	osa2657273	2	13322137:13322137	G/A	0.404261	G	panicle number	9.33e-05			31792643		Biologicalprocess(19)		13322137	yes	G/G
172175	osa2670578	2	13543783:13543783	A/G	0.107968	A	seed calcium concentration	3.89e-06			35371188		Biochemical(103)		13543783	yes	A/A
172193	osa2681615	2	13877284:13877284	G/A	0.467177	G	grain silica concentration	1.74e-06			35371188		Biochemical(103)		13877284	yes	G/G
172194	osa2683302	2	13900664:13900664	G/A	0.114519	G	grain length to width ratio	3.75e-07	11.84		35162989		Plantmorphology(191)		13900664	yes	G/G
172205	osa2696355	2	14091426:14091426	T/G	0.353265	T	germination index	0.000973			28282385		Plantvigor(23)		14091426	yes	T/T
172217	osa2716452	2	14479111:14479111	C/T	0.424136	C	electrolyte leakage	5.8e-09		1.0	26381647		Biologicalprocess(19)		14479111	yes	C/C
172218	osa272001	1	6159733:6159733	G/C	0.209828	G	plant height	8.13e-06			35371188		Plantmorphology(191)		6159733	yes	G/G
172229	osa2727881	2	14645890:14645890	A/G	0.356	A	relative biomass	3e-07			26381647		Yield(14)		14645890	yes	A/A
172236	osa2731365	2	14694840:14694840	A/G	0.360086	A	root relative elongation	9.12e-06			31718538		Stress(66)		14694840	yes	A/A
172276	osa2765553	2	15291743:15291743	G/A	0.309671	G	phosphorus concentration	3.98e-06			35371188		Biochemical(103)		15291743	yes	G/G
172281	osa2774652	2	15425835:15425835	C/T	0.373442	C	panicle number	5.11e-05			31792643		Biologicalprocess(19)		15425835	yes	C/C
172310	osa2803308	2	15990665:15990665	T/A	0.413292	T	primary branch number	6.19e-10	2.06	1.0	33544455		Plantmorphology(191)		15990665	yes	T/T
172461	osa2908453	2	18018857:18018857	T/C	0.211902	T	seed volume	4.36e-05	1.73		21915109		Plantmorphology(191)		18018857	yes	T/T
172462	osa2908453	2	18018857:18018857	T/C	0.211902	T	brown rice volume	1.43e-05	1.97		21915109		Plantmorphology(191)		18018857	yes	T/T
172703	osa2944654	2	18729232:18729232	A/G	0.453028	A	seed weight	0.000909			28282385		Plantmorphology(191)		18729232	yes	A/A
172704	osa2944766	2	18731478:18731478	C/T	0.44125	C	seed fertility	0.000422			28282385		Plantmorphology(191)		18731478	yes	C/C
172893	osa2981955	2	19403005:19403005	A/G	0.426129	A	germination index	0.00025			28282385		Plantvigor(23)		19403005	yes	A/A
173024	osa3003047	2	19742177:19742177	A/G	0.459957	A	days to heading	2.24e-06			35371188		Plantgrowth_Development(17)		19742177	yes	A/A
173083	osa3043408	2	20448952:20448952	G/C	0.414866	G	stomatal size on the abaxial surface	3.3e-07			32582301		Biologicalprocess(19)		20448952	yes	G/G
173088	osa3048047	2	20544630:20544630	A/G	0.244595	A	grain silica concentration	5.25e-06			35371188		Biochemical(103)		20544630	yes	A/A
173232	osa3106211	2	21778775:21778775	A/G	0.0994387	A	relative single panicle weight	2.09e-05			25371505		Stress(66)		21778775	yes	A/A
173242	osa3107088	2	21797570:21797570	T/A	0.121005	T	germination index	0.000139			28282385		Plantvigor(23)		21797570	yes	T/T
173243	osa3107088	2	21797570:21797570	T/A	0.121005	T	germination index	0.00028			28282385		Plantvigor(23)		21797570	yes	T/T
173244	osa3107088	2	21797570:21797570	T/A	0.121005	T	germination index	6.7e-05			28282385		Plantvigor(23)		21797570	yes	T/T
173245	osa3107088	2	21797570:21797570	T/A	0.121005	T	panicle inflorescence exsertion	3.64e-06			31535313		Plantmorphology(191)		21797570	yes	T/T
173293	osa3108084	2	21820746:21820746	A/G	0.104945	A	panicle inflorescence exsertion	2.65e-05			31535313		Plantmorphology(191)		21820746	yes	A/A
173297	osa3108933	2	21835075:21835075	A/G	0.110279	A	panicle inflorescence exsertion	7.98e-05			31535313		Plantmorphology(191)		21835075	yes	A/A
173298	osa3109045	2	21836834:21836834	A/T	0.110853	A	panicle inflorescence exsertion	7.98e-05			31535313		Plantmorphology(191)		21836834	yes	A/A
173312	osa3111355	2	21876693:21876693	G/A	0.0814364	G	panicle inflorescence exsertion	1.49e-05			31535313		Plantmorphology(191)		21876693	yes	G/G
173313	osa3111391	2	21877749:21877749	C/T	0.0844527	C	panicle inflorescence exsertion	4.4e-05			31535313		Plantmorphology(191)		21877749	yes	C/C
173451	osa3135798	2	22396180:22396180	C/T	0.363442	C	harvest index	7.4e-05	28.74		33762605		Yield(14)		22396180	yes	C/C
173891	osa3230079	2	24251622:24251622	G/A	0.285835	G	germination index	0.00066			28282385		Plantvigor(23)		24251622	yes	G/G
173892	osa3230184	2	24253041:24253041	A/C	0.255507	A	germination index	0.000587			28282385		Plantvigor(23)		24253041	yes	A/A
174301	osa3281869	2	25029409:25029409	A/G	0.124591	A	seed weight	0.000307			28282385		Plantmorphology(191)		25029409	yes	A/A
174305	osa3283223	2	25044232:25044232	G/A	0.487349	G	arsenic content trait	0.000196			31194746		Biochemical(103)		25044232	yes	G/G
174306	osa3283225	2	25044253:25044253	G/A	0.487176	G	arsenic content trait	0.000196			31194746		Biochemical(103)		25044253	yes	G/G
174562	osa3325865	2	25870065:25870065	G/A	0.193609	G	grain silica concentration	4.27e-06			35371188		Biochemical(103)		25870065	yes	G/G
174564	osa3325923	2	25871069:25871069	G/A	0.411947	G	large vascular bundle number	5.5e-05	2.5		29511908		Plantmorphology(191)		25871069	yes	G/G
174565	osa3325977	2	25872158:25872158	G/A	0.133863	G	days to heading	5.37e-06			35371188		Plantgrowth_Development(17)		25872158	yes	G/G
174684	osa3337800	2	26116015:26116015	T/C	0.326131	T	seed calcium concentration	1.15e-06			35371188		Biochemical(103)		26116015	yes	T/T
174688	osa3338947	2	26136876:26136876	T/A	0.32096	T	root biomass	5.17e-06			31694217		Plantmorphology(191)		26136876	yes	T/T
174695	osa3341733	2	26193944:26193944	T/C	0.116054	T	days to heading	8.3e-05			27322545		Plantgrowth_Development(17)		26193944	yes	T/T
174751	osa3365475	2	26744192:26744192	C/A	0.464934	C	flag leaf angle	2.53e-08		1.0	34064770		Plantmorphology(191)		26744192	yes	C/C
174756	osa3370269	2	26859660:26859660	G/A	0.438026	G	secondary branch number	8.39e-07			34487253		Biologicalprocess(19)		26859660	yes	G/G
174757	osa3370269	2	26859660:26859660	G/A	0.438026	G	secondary branch number	6.92e-08			34487253		Biologicalprocess(19)		26859660	yes	G/G
174874	osa3413421	2	27868581:27868581	T/C	0.465041	T	rice bacterial leaf streak disease resistance	2.57e-05	8.0		33260392		Stress(66)		27868581	yes	T/T
174898	osa3443779	2	28617475:28617475	C/A	0.164968	C	seed weight	0.000651			28282385		Plantmorphology(191)		28617475	yes	C/C
174899	osa3443779	2	28617475:28617475	C/A	0.164968	C	seed weight	0.000294			28282385		Plantmorphology(191)		28617475	yes	C/C
175300	osa3469240	2	29188469:29188469	T/C	0.0956479	T	seed weight	0.000323			28282385		Plantmorphology(191)		29188469	yes	T/T
175404	osa3509144	2	30035836:30035836	G/A	0.413357	G	seedling numbers	7.81e-05			31792643		Stress(66)		30035836	yes	G/G
175424	osa3515234	2	30178681:30178681	T/C	0.384454	T	rice bacterial blight disease resistance	2.39e-06	0.41		33830376		Stress(66)		30178681	yes	T/T
175425	osa3515302	2	30179963:30179963	G/A	0.0692486	A	chlorophyll ratio	2.4e-10		1.0	25747843		Biochemical(103)		30179963	yes	A/A
175426	osa3515507	2	30185092:30185092	C/G	0.4311	C	rice bacterial blight disease resistance	6.66e-07	1.26		33830376		Stress(66)		30185092	yes	C/C
175573	osa3545745	2	30891381:30891381	G/C	0.37852	G	seedling numbers	9.95e-05			31792643		Stress(66)		30891381	yes	G/G
176929	osa3624814	2	32874306:32874306	T/A	0.0175565	A	grain carbon content	3.45e-06			31889226		Biochemical(103)		32874306	yes	T/A
176930	osa3625224	2	32881022:32881022	G/A	0.0121951	A	grain carbon content	2.32e-07			31889226		Biochemical(103)		32881022	yes	A/A
176942	osa3631032	2	33028845:33028845	T/C	0.0900927	T	seed weight	0.000401			28282385		Plantmorphology(191)		33028845	yes	T/T
177661	osa3741994	2	35616019:35616019	G/A	0.4185	A	chlorophyll content	9.01e-06			30796281		Biochemical(103)		35616019	yes	A/A
178948	osa3788051	3	898774:898774	A/G	0.386976	A	grain number	2.92e-07			33767346		Plantmorphology(191)		898774	yes	A/A
179248	osa3804200	3	1249933:1249933	C/T	0.208191	C	grain length	1.7e-05	7.8		28101096		Plantmorphology(191)		1249933	yes	C/C
179249	osa3804200	3	1249933:1249933	C/T	0.208191	C	grain length	7.2e-05	7.2		28101096		Plantmorphology(191)		1249933	yes	C/C
179608	osa3843095	3	2188197:2188197	A/G	0.141576	A	grain silica concentration	9.33e-06			35371188		Biochemical(103)		2188197	yes	A/A
179609	osa3843095	3	2188197:2188197	A/G	0.141576	A	grain silica concentration	8.51e-07			35371188		Biochemical(103)		2188197	yes	A/A
179666	osa3861948	3	2662109:2662109	T/C	0.375769	T	root biomass	1.57e-07			31694217		Plantmorphology(191)		2662109	yes	T/T
179667	osa3861985	3	2662317:2662317	A/G	0.366036	A	root biomass	2.68e-08		1.0	31694217		Plantmorphology(191)		2662317	yes	A/A
179668	osa3861985	3	2662317:2662317	A/G	0.366036	A	shoot biomass	9.98e-06			31694217		Plantmorphology(191)		2662317	yes	A/A
179669	osa3861985	3	2662317:2662317	A/G	0.366036	A	total biomass yield	2.37e-06			31694217		Plantmorphology(191)		2662317	yes	A/A
179686	osa3867220	3	2786095:2786095	A/G	0.265426	A	straighthead disorder severity rate	9.77e-06			35371188		Plantmorphology(191)		2786095	yes	A/A
180334	osa3970845	3	5144140:5144140	T/C	0.363485	T	rice seedling blight disease resistance	1.25e-06	2.24		33830376		Stress(66)		5144140	yes	T/T
180360	osa3972981	3	5193946:5193946	T/C	0.364238	T	rice seedling blight disease resistance	1.89e-06	2.82		33830376		Stress(66)		5193946	yes	T/T
180361	osa3972990	3	5194339:5194339	T/G	0.444514	T	rice seedling blight disease resistance	1.21e-06	2.82		33830376		Stress(66)		5194339	yes	T/T
181511	osa4019642	3	6310330:6310330	T/G	0.483538	T	stem thickness	1.79e-05			33159401		Plantmorphology(191)		6310330	yes	T/T
181512	osa4019642	3	6310330:6310330	T/G	0.483538	T	stem thickness	8.55e-05			33159401		Plantmorphology(191)		6310330	yes	T/T
181513	osa4019642	3	6310330:6310330	T/G	0.483538	T	stem thickness	1.33e-05			33159401		Plantmorphology(191)		6310330	yes	T/T
181514	osa4019665	3	6310547:6310547	T/A	0.460883	T	stem thickness	1.76e-05			33159401		Plantmorphology(191)		6310547	yes	T/T
181515	osa4019665	3	6310547:6310547	T/A	0.460883	T	stem thickness	0.000115			33159401		Plantmorphology(191)		6310547	yes	T/T
181516	osa4019665	3	6310547:6310547	T/A	0.460883	T	stem thickness	1.35e-05			33159401		Plantmorphology(191)		6310547	yes	T/T
181525	osa4019696	3	6311356:6311356	G/A	0.475394	G	stem thickness	1e-05			33159401		Plantmorphology(191)		6311356	yes	G/G
181526	osa4019696	3	6311356:6311356	G/A	0.475394	G	stem thickness	5.31e-05			33159401		Plantmorphology(191)		6311356	yes	G/G
181527	osa4019696	3	6311356:6311356	G/A	0.475394	G	stem thickness	6.46e-06			33159401		Plantmorphology(191)		6311356	yes	G/G
181528	osa4019707	3	6311504:6311504	T/G	0.473539	T	stem thickness	1.07e-05			33159401		Plantmorphology(191)		6311504	yes	T/T
181529	osa4019707	3	6311504:6311504	T/G	0.473539	T	stem thickness	0.000108			33159401		Plantmorphology(191)		6311504	yes	T/T
181530	osa4019707	3	6311504:6311504	T/G	0.473539	T	stem thickness	1.79e-05			33159401		Plantmorphology(191)		6311504	yes	T/T
181531	osa4019710	3	6311611:6311611	G/A	0.451594	G	stem thickness	9.67e-06			33159401		Plantmorphology(191)		6311611	yes	G/G
181532	osa4019710	3	6311611:6311611	G/A	0.451594	G	stem thickness	6.66e-05			33159401		Plantmorphology(191)		6311611	yes	G/G
181533	osa4019710	3	6311611:6311611	G/A	0.451594	G	stem thickness	6.09e-06			33159401		Plantmorphology(191)		6311611	yes	G/G
181534	osa4019715	3	6311816:6311816	T/C	0.471809	T	stem thickness	1.79e-05			33159401		Plantmorphology(191)		6311816	yes	T/T
181535	osa4019715	3	6311816:6311816	T/C	0.471809	T	stem thickness	0.000108			33159401		Plantmorphology(191)		6311816	yes	T/T
181536	osa4019715	3	6311816:6311816	T/C	0.471809	T	stem thickness	1.07e-05			33159401		Plantmorphology(191)		6311816	yes	T/T
181543	osa4019742	3	6312502:6312502	C/T	0.456869	C	stem thickness	1.14e-05			33159401		Plantmorphology(191)		6312502	yes	C/C
181544	osa4019742	3	6312502:6312502	C/T	0.456869	C	stem thickness	9.81e-05			33159401		Plantmorphology(191)		6312502	yes	C/C
181554	osa4019837	3	6315151:6315151	T/C	0.489239	T	stem thickness	0.000108			33159401		Plantmorphology(191)		6315151	yes	T/T
181555	osa4019837	3	6315151:6315151	T/C	0.489239	T	stem thickness	1.79e-05			33159401		Plantmorphology(191)		6315151	yes	T/T
181556	osa4019837	3	6315151:6315151	T/C	0.489239	T	stem thickness	1.07e-05			33159401		Plantmorphology(191)		6315151	yes	T/T
181581	osa4019976	3	6316887:6316887	G/A	0.460577	G	stem thickness	1.79e-05			33159401		Plantmorphology(191)		6316887	yes	G/G
181582	osa4019976	3	6316887:6316887	G/A	0.460577	G	stem thickness	1.07e-05			33159401		Plantmorphology(191)		6316887	yes	G/G
181583	osa4019976	3	6316887:6316887	G/A	0.460577	G	stem thickness	0.000108			33159401		Plantmorphology(191)		6316887	yes	G/G
181588	osa4019981	3	6317219:6317219	G/A	0.490643	G	stem thickness	1.08e-05			33159401		Plantmorphology(191)		6317219	yes	G/G
181589	osa4019981	3	6317219:6317219	G/A	0.490643	G	stem thickness	5.33e-05			33159401		Plantmorphology(191)		6317219	yes	G/G
181590	osa4019981	3	6317219:6317219	G/A	0.490643	G	stem thickness	5.94e-06			33159401		Plantmorphology(191)		6317219	yes	G/G
181593	osa4019988	3	6317283:6317283	C/A	0.495462	C	stem thickness	0.000101			33159401		Plantmorphology(191)		6317283	yes	C/C
181594	osa4019988	3	6317283:6317283	C/A	0.495462	C	stem thickness	1.06e-05			33159401		Plantmorphology(191)		6317283	yes	C/C
181595	osa4019988	3	6317283:6317283	C/A	0.495462	C	stem thickness	1.76e-05			33159401		Plantmorphology(191)		6317283	yes	C/C
181928	osa4020512	3	6334946:6334946	A/G	0.47616	A	stem thickness	0.000169			33159401		Plantmorphology(191)		6334946	yes	A/A
181929	osa4020512	3	6334946:6334946	A/G	0.47616	A	stem thickness	1.4e-05			33159401		Plantmorphology(191)		6334946	yes	A/A
181940	osa4020551	3	6336237:6336237	A/G	0.475682	A	stem thickness	9.78e-05			33159401		Plantmorphology(191)		6336237	yes	A/A
181941	osa4020551	3	6336237:6336237	A/G	0.475682	A	stem thickness	6.9e-06			33159401		Plantmorphology(191)		6336237	yes	A/A
181942	osa4020551	3	6336237:6336237	A/G	0.475682	A	stem thickness	1.19e-05			33159401		Plantmorphology(191)		6336237	yes	A/A
181943	osa4020552	3	6336261:6336261	T/C	0.478209	T	stem thickness	1.19e-05			33159401		Plantmorphology(191)		6336261	yes	T/T
181944	osa4020552	3	6336261:6336261	T/C	0.478209	T	stem thickness	9.78e-05			33159401		Plantmorphology(191)		6336261	yes	T/T
181945	osa4020552	3	6336261:6336261	T/C	0.478209	T	stem thickness	6.9e-06			33159401		Plantmorphology(191)		6336261	yes	T/T
181976	osa4020611	3	6337530:6337530	A/C	0.477865	A	stem thickness	0.000111			33159401		Plantmorphology(191)		6337530	yes	A/A
181977	osa4020611	3	6337530:6337530	A/C	0.477865	A	stem thickness	1.05e-05			33159401		Plantmorphology(191)		6337530	yes	A/A
181978	osa4020611	3	6337530:6337530	A/C	0.477865	A	stem thickness	1.79e-05			33159401		Plantmorphology(191)		6337530	yes	A/A
181999	osa4020686	3	6338614:6338614	A/G	0.466247	A	stem thickness	9.59e-05			33159401		Plantmorphology(191)		6338614	yes	A/A
182000	osa4020686	3	6338614:6338614	A/G	0.466247	A	stem thickness	1.06e-05			33159401		Plantmorphology(191)		6338614	yes	A/A
182019	osa4020735	3	6339807:6339807	A/G	0.484807	A	stem thickness	0.000153			33159401		Plantmorphology(191)		6339807	yes	A/A
182020	osa4020735	3	6339807:6339807	A/G	0.484807	A	stem thickness	1.86e-05			33159401		Plantmorphology(191)		6339807	yes	A/A
182021	osa4020735	3	6339807:6339807	A/G	0.484807	A	stem thickness	1.23e-05			33159401		Plantmorphology(191)		6339807	yes	A/A
183801	osa4024034	3	6412228:6412228	T/C	0.471297	T	stem thickness	1.79e-05			33159401		Plantmorphology(191)		6412228	yes	T/T
183802	osa4024034	3	6412228:6412228	T/C	0.471297	T	stem thickness	0.000378			33159401		Plantmorphology(191)		6412228	yes	T/T
183803	osa4024034	3	6412228:6412228	T/C	0.471297	T	stem thickness	3.24e-05			33159401		Plantmorphology(191)		6412228	yes	T/T
183807	osa4024041	3	6412296:6412296	A/G	0.478433	A	stem thickness	0.00013			33159401		Plantmorphology(191)		6412296	yes	A/A
183808	osa4024041	3	6412296:6412296	A/G	0.478433	A	stem thickness	1.17e-05			33159401		Plantmorphology(191)		6412296	yes	A/A
183809	osa4024041	3	6412296:6412296	A/G	0.478433	A	stem thickness	2.42e-05			33159401		Plantmorphology(191)		6412296	yes	A/A
183810	osa4024058	3	6412470:6412470	C/T	0.482935	C	stem thickness	7.26e-05			33159401		Plantmorphology(191)		6412470	yes	C/C
183811	osa4024058	3	6412470:6412470	C/T	0.482935	C	stem thickness	1.04e-05			33159401		Plantmorphology(191)		6412470	yes	C/C
183812	osa4024058	3	6412470:6412470	C/T	0.482935	C	stem thickness	1.79e-05			33159401		Plantmorphology(191)		6412470	yes	C/C
183813	osa4024072	3	6412592:6412592	G/A	0.48882	G	stem thickness	1.79e-05			33159401		Plantmorphology(191)		6412592	yes	G/G
183814	osa4024072	3	6412592:6412592	G/A	0.48882	G	stem thickness	7.26e-05			33159401		Plantmorphology(191)		6412592	yes	G/G
183815	osa4024072	3	6412592:6412592	G/A	0.48882	G	stem thickness	1.04e-05			33159401		Plantmorphology(191)		6412592	yes	G/G
183816	osa4024085	3	6412863:6412863	G/A	0.480624	G	stem thickness	0.000149			33159401		Plantmorphology(191)		6412863	yes	G/G
183817	osa4024085	3	6412863:6412863	G/A	0.480624	G	stem thickness	2.1e-05			33159401		Plantmorphology(191)		6412863	yes	G/G
183818	osa4024085	3	6412863:6412863	G/A	0.480624	G	stem thickness	1.79e-05			33159401		Plantmorphology(191)		6412863	yes	G/G
183822	osa4024088	3	6412912:6412912	T/C	0.481045	T	stem thickness	7.26e-05			33159401		Plantmorphology(191)		6412912	yes	T/T
183823	osa4024088	3	6412912:6412912	T/C	0.481045	T	stem thickness	1.04e-05			33159401		Plantmorphology(191)		6412912	yes	T/T
183824	osa4024088	3	6412912:6412912	T/C	0.481045	T	stem thickness	1.79e-05			33159401		Plantmorphology(191)		6412912	yes	T/T
183825	osa4024121	3	6413206:6413206	T/C	0.494916	T	stem thickness	0.000144			33159401		Plantmorphology(191)		6413206	yes	T/T
183826	osa4024121	3	6413206:6413206	T/C	0.494916	T	stem thickness	1.5e-05			33159401		Plantmorphology(191)		6413206	yes	T/T
184916	osa4048469	3	7012384:7012384	C/T	0.371216	C	grain width	5.7e-05	7.4		28101096		Plantmorphology(191)		7012384	yes	C/C
184940	osa4058378	3	7256282:7256282	G/T	0.352008	G	grain width	1.47e-07			32303966		Plantmorphology(191)		7256282	yes	G/G
184941	osa4058390	3	7256887:7256887	T/C	0.44474	T	pericarp color	3.49e-06	2.92		35356125		Plantmorphology(191)		7256887	yes	T/T
184942	osa4058390	3	7256887:7256887	T/C	0.44474	T	pericarp color	3.49e-06	2.92		35356125		Plantmorphology(191)		7256887	yes	T/T
185078	osa4086797	3	7959768:7959768	C/T	0.309673	C	grain yield trait	1.29e-05			31792643		Yield(14)		7959768	yes	C/C
185613	osa4205561	3	10766180:10766180	T/A	0.0248058	T	arsenic content ratio	1.86e-05			31194746		Biochemical(103)		10766180	yes	T/T
185614	osa4205561	3	10766180:10766180	T/A	0.0248058	T	arsenic content ratio	6.83e-05			31194746		Biochemical(103)		10766180	yes	T/T
185742	osa4230678	3	11316517:11316517	C/G	0.190184	C	cold tolerance	1.64e-06	5.8		34800993		Stress(66)		11316517	yes	C/C
185749	osa4240923	3	11535605:11535605	C/T	0.201958	C	chlorophyll content	1.38e-07			30796281		Biochemical(103)		11535605	yes	C/C
185750	osa4240923	3	11535605:11535605	C/T	0.201958	C	chlorophyll content	1.62e-07			30796281		Biochemical(103)		11535605	yes	C/C
185804	osa4263413	3	12040893:12040893	A/G	0.187324	A	grain length to width ratio	2.02e-08	10.29	1.0	35162989		Plantmorphology(191)		12040893	yes	A/A
185805	osa4263413	3	12040893:12040893	A/G	0.187324	A	grain length to width ratio	1.76e-07	9.85		35162989		Plantmorphology(191)		12040893	yes	A/A
185806	osa4263413	3	12040893:12040893	A/G	0.187324	A	grain width	6.8e-08	8.01		35162989		Plantmorphology(191)		12040893	yes	A/A
186004	osa432620	1	9551518:9551518	A/G	0.476694	A	panicle number	0.000119	18.69		29872443		Biologicalprocess(19)		9551518	yes	A/A
186776	osa4342801	3	13939276:13939276	T/C	0.308133	T	stem thickness	3.48e-12			33159401		Plantmorphology(191)		13939276	yes	T/T
186777	osa4342801	3	13939276:13939276	T/C	0.308133	T	breaking strength of the basal internode	1.2e-11			33159401		Plantmorphology(191)		13939276	yes	T/T
186778	osa4342970	3	13942641:13942641	C/A	0.320022	C	breaking strength of the basal internode	1.2e-11			33159401		Plantmorphology(191)		13942641	yes	C/C
186779	osa4342970	3	13942641:13942641	C/A	0.320022	C	stem thickness	3.48e-12			33159401		Plantmorphology(191)		13942641	yes	C/C
186799	osa4343527	3	13954023:13954023	A/G	0.373719	A	breaking strength of the basal internode	8.6e-11			33159401		Plantmorphology(191)		13954023	yes	A/A
186801	osa4343544	3	13954359:13954359	C/A	0.384671	C	breaking strength of the basal internode	1.31e-11			33159401		Plantmorphology(191)		13954359	yes	C/C
186802	osa4343544	3	13954359:13954359	C/A	0.384671	C	stem thickness	2.84e-11			33159401		Plantmorphology(191)		13954359	yes	C/C
186803	osa4343544	3	13954359:13954359	C/A	0.384671	C	stem thickness	2.53e-11			33159401		Plantmorphology(191)		13954359	yes	C/C
186804	osa4343544	3	13954359:13954359	C/A	0.384671	C	stem thickness	4.93e-12			33159401		Plantmorphology(191)		13954359	yes	C/C
186810	osa4343594	3	13955070:13955070	G/T	0.392099	G	breaking strength of the basal internode	6.02e-12			33159401		Plantmorphology(191)		13955070	yes	G/G
186811	osa4343594	3	13955070:13955070	G/T	0.392099	G	breaking strength of the basal internode	5.7e-12			33159401		Plantmorphology(191)		13955070	yes	G/G
186812	osa4343594	3	13955070:13955070	G/T	0.392099	G	stem thickness	4.13e-11			33159401		Plantmorphology(191)		13955070	yes	G/G
186813	osa4343594	3	13955070:13955070	G/T	0.392099	G	stem thickness	6.14e-11			33159401		Plantmorphology(191)		13955070	yes	G/G
186814	osa4343594	3	13955070:13955070	G/T	0.392099	G	stem thickness	1.4e-11			33159401		Plantmorphology(191)		13955070	yes	G/G
187030	osa4344626	3	13986533:13986533	A/G	0.363023	A	breaking strength of the basal internode	8.95e-12			33159401		Plantmorphology(191)		13986533	yes	A/A
187031	osa4344626	3	13986533:13986533	A/G	0.363023	A	stem thickness	1.53e-11			33159401		Plantmorphology(191)		13986533	yes	A/A
187032	osa4344626	3	13986533:13986533	A/G	0.363023	A	breaking strength of the basal internode	1.94e-11			33159401		Plantmorphology(191)		13986533	yes	A/A
187041	osa4344648	3	13986781:13986781	A/G	0.312578	A	breaking strength of the basal internode	1.52e-11			33159401		Plantmorphology(191)		13986781	yes	A/A
187042	osa4344648	3	13986781:13986781	A/G	0.312578	A	stem thickness	2.97e-11			33159401		Plantmorphology(191)		13986781	yes	A/A
187048	osa4344694	3	13987074:13987074	A/G	0.308249	A	breaking strength of the basal internode	1.52e-11			33159401		Plantmorphology(191)		13987074	yes	A/A
187049	osa4344694	3	13987074:13987074	A/G	0.308249	A	stem thickness	2.97e-11			33159401		Plantmorphology(191)		13987074	yes	A/A
187871	osa4347131	3	14024118:14024118	T/C	0.373419	T	stem thickness	2.7e-11			33159401		Plantmorphology(191)		14024118	yes	T/T
187884	osa4347275	3	14025892:14025892	T/C	0.367018	T	stem thickness	2.7e-11			33159401		Plantmorphology(191)		14025892	yes	T/T
187885	osa4347282	3	14025928:14025928	G/A	0.411282	G	stem inner diameter	6.83e-09		1.0	34064770		Plantmorphology(191)		14025928	yes	G/G
187886	osa4347292	3	14026040:14026040	A/G	0.370615	A	stem thickness	6.83e-11			33159401		Plantmorphology(191)		14026040	yes	A/A
187894	osa4347317	3	14026157:14026157	A/G	0.37617	A	stem thickness	2.7e-11			33159401		Plantmorphology(191)		14026157	yes	A/A
187896	osa4347351	3	14029408:14029408	T/G	0.358935	T	stem thickness	2.7e-11			33159401		Plantmorphology(191)		14029408	yes	T/T
187901	osa4347376	3	14030593:14030593	T/C	0.372924	T	stem thickness	2.7e-11			33159401		Plantmorphology(191)		14030593	yes	T/T
188118	osa4348637	3	14052685:14052685	A/G	0.424815	A	stem thickness	2.7e-11			33159401		Plantmorphology(191)		14052685	yes	A/A
188119	osa4348641	3	14052706:14052706	T/C	0.428477	T	stem thickness	2.7e-11			33159401		Plantmorphology(191)		14052706	yes	T/T
188122	osa4348661	3	14053042:14053042	G/A	0.45742	G	stem thickness	2.7e-11			33159401		Plantmorphology(191)		14053042	yes	G/G
188130	osa4348681	3	14053464:14053464	A/G	0.423468	A	stem thickness	2.7e-11			33159401		Plantmorphology(191)		14053464	yes	A/A
188557	osa4374991	3	14608360:14608360	G/C	0.461286	G	the phloem area of large vascular bundle	2.1e-07	17.51		33288021		Plantmorphology(191)		14608360	yes	G/G
188562	osa4375771	3	14623186:14623186	T/C	0.440415	T	stem diameter	8.17e-06			33159401		Plantmorphology(191)		14623186	yes	T/T
188563	osa4375771	3	14623186:14623186	T/C	0.440415	T	stem diameter	1.14e-05			33159401		Plantmorphology(191)		14623186	yes	T/T
188567	osa4376113	3	14629468:14629468	A/G	0.495092	A	stem diameter	1.65e-06			33159401		Plantmorphology(191)		14629468	yes	A/A
188568	osa4376113	3	14629468:14629468	A/G	0.495092	A	stem diameter	1.44e-06			33159401		Plantmorphology(191)		14629468	yes	A/A
188871	osa4401764	3	15137319:15137319	C/G	0.285083	C	grain length to width ratio	8.16e-09	10.84		35162989		Plantmorphology(191)		15137319	yes	C/C
188872	osa4401764	3	15137319:15137319	C/G	0.285083	C	grain length to width ratio	1.86e-09	9.87		35162989		Plantmorphology(191)		15137319	yes	C/C
188873	osa4401764	3	15137319:15137319	C/G	0.285083	C	grain length to width ratio	6.38e-09	10.27		35162989		Plantmorphology(191)		15137319	yes	C/C
188874	osa4401764	3	15137319:15137319	C/G	0.285083	C	grain width	1.03e-09	9.42		35162989		Plantmorphology(191)		15137319	yes	C/C
188945	osa443225	1	9759235:9759235	T/A	0.486529	T	straighthead disorder severity rate	5.25e-08			35371188		Plantmorphology(191)		9759235	yes	T/T
188947	osa4432391	3	15695215:15695215	C/T	0.421642	C	root dry weight	8.64e-05	6.7		29078746		Plantmorphology(191)		15695215	yes	C/C
188948	osa4432400	3	15695269:15695269	T/G	0.407008	T	root dry weight	6.02e-05	7.0		29078746		Plantmorphology(191)		15695269	yes	T/T
188949	osa4432400	3	15695269:15695269	T/G	0.407008	T	root dry weight	4.18e-05	7.8		29078746		Plantmorphology(191)		15695269	yes	T/T
188950	osa4432773	3	15702651:15702651	G/T	0.432199	G	root dry weight	3.12e-05	7.6		29078746		Plantmorphology(191)		15702651	yes	G/G
188951	osa4432773	3	15702651:15702651	G/T	0.432199	G	root dry weight	8.84e-05	7.1		29078746		Plantmorphology(191)		15702651	yes	G/G
188952	osa4433239	3	15709012:15709012	T/G	0.256912	T	arsenic content ratio	9.32e-05			31194746		Biochemical(103)		15709012	yes	T/T
188954	osa4434093	3	15719814:15719814	T/A	0.376032	T	arsenic content trait	0.000244			31194746		Biochemical(103)		15719814	yes	T/T
188972	osa44385	1	1042035:1042035	G/A	0.251883	G	germination index	0.000331			28282385		Plantvigor(23)		1042035	yes	G/G
189074	osa4467756	3	16343696:16343696	C/T	0.103819	T	arsenic content ratio	0.00062			31194746		Biochemical(103)		16343696	yes	T/T
189078	osa4469435	3	16370067:16370067	T/C	0.319837	T	grain width	2.96e-07			32303966		Plantmorphology(191)		16370067	yes	T/T
190648	osa4506908	3	17028633:17028633	A/G	0.421358	A	stem diameter	4.49e-05			33159401		Plantmorphology(191)		17028633	yes	A/A
190649	osa4506908	3	17028633:17028633	A/G	0.421358	A	stem diameter	1.08e-05			33159401		Plantmorphology(191)		17028633	yes	A/A
190650	osa4506908	3	17028633:17028633	A/G	0.421358	A	stem diameter	1.17e-05			33159401		Plantmorphology(191)		17028633	yes	A/A
190654	osa4506915	3	17028829:17028829	T/C	0.433614	T	breaking strength of the basal internode	4.09e-06			33159401		Plantmorphology(191)		17028829	yes	T/T
190655	osa4506915	3	17028829:17028829	T/C	0.433614	T	stem diameter	1.14e-06			33159401		Plantmorphology(191)		17028829	yes	T/T
190656	osa4506915	3	17028829:17028829	T/C	0.433614	T	stem diameter	3.93e-07			33159401		Plantmorphology(191)		17028829	yes	T/T
190657	osa4506915	3	17028829:17028829	T/C	0.433614	T	stem diameter	3.34e-07			33159401		Plantmorphology(191)		17028829	yes	T/T
190658	osa4506917	3	17028843:17028843	A/G	0.428438	A	breaking strength of the basal internode	4.09e-06			33159401		Plantmorphology(191)		17028843	yes	A/A
190659	osa4506917	3	17028843:17028843	A/G	0.428438	A	stem diameter	1.14e-06			33159401		Plantmorphology(191)		17028843	yes	A/A
190660	osa4506917	3	17028843:17028843	A/G	0.428438	A	stem diameter	3.93e-07			33159401		Plantmorphology(191)		17028843	yes	A/A
190661	osa4506917	3	17028843:17028843	A/G	0.428438	A	stem diameter	3.34e-07			33159401		Plantmorphology(191)		17028843	yes	A/A
191803	osa4516579	3	17189483:17189483	C/T	0.332762	C	pericarp color	6.32e-11			29746484		Plantmorphology(191)		17189483	yes	C/C
191804	osa4516589	3	17189700:17189700	C/T	0.349652	C	pericarp color	6.32e-11			29746484		Plantmorphology(191)		17189700	yes	C/C
191805	osa4516592	3	17189743:17189743	G/C	0.41844	G	pericarp color	4.17e-13			29746484		Plantmorphology(191)		17189743	yes	G/G
191807	osa4516612	3	17189994:17189994	A/G	0.37932	A	pericarp color	4.98e-13			29746484		Plantmorphology(191)		17189994	yes	A/A
191857	osa4523626	3	17312544:17312544	G/A	0.402668	G	pericarp color	1.74e-11			29746484		Plantmorphology(191)		17312544	yes	G/G
191867	osa4523832	3	17316161:17316161	A/T	0.427783	A	pericarp color	1.93e-10			29746484		Plantmorphology(191)		17316161	yes	A/A
191868	osa4523839	3	17316213:17316213	T/C	0.343417	T	pericarp color	1.98e-10			29746484		Plantmorphology(191)		17316213	yes	T/T
191869	osa4523906	3	17317068:17317068	A/G	0.261808	A	pericarp color	1.36e-11			29746484		Plantmorphology(191)		17317068	yes	A/A
191871	osa4523909	3	17317120:17317120	T/C	0.352486	T	pericarp color	6.13e-10			29746484		Plantmorphology(191)		17317120	yes	T/T
192226	osa4554453	3	17872703:17872703	A/G	0.315487	A	pericarp color	2.5899999999999996e-23			29746484		Plantmorphology(191)		17872703	yes	A/A
192227	osa4554465	3	17872871:17872871	A/G	0.301753	A	pericarp color	4.87e-22			29746484		Plantmorphology(191)		17872871	yes	A/A
192351	osa4560586	3	17968602:17968602	T/C	0.30716	T	pericarp color	3.08e-19			29746484		Plantmorphology(191)		17968602	yes	T/T
192352	osa4560587	3	17968626:17968626	C/T	0.305958	C	pericarp color	3.08e-19			29746484		Plantmorphology(191)		17968626	yes	C/C
192369	osa4562721	3	18003623:18003623	G/A	0.345561	G	pericarp color	2.04e-14			29746484		Plantmorphology(191)		18003623	yes	G/G
192370	osa4562734	3	18003879:18003879	C/T	0.353252	C	pericarp color	2.13e-13			29746484		Plantmorphology(191)		18003879	yes	C/C
192381	osa4564549	3	18033270:18033270	A/G	0.302048	A	pericarp color	4.75e-15			29746484		Plantmorphology(191)		18033270	yes	A/A
192382	osa4564567	3	18033451:18033451	A/G	0.300656	A	pericarp color	3.5e-15			29746484		Plantmorphology(191)		18033451	yes	A/A
192477	osa4577837	3	18250460:18250460	T/C	0.306707	T	pericarp color	3.93e-13			29746484		Plantmorphology(191)		18250460	yes	T/T
192480	osa4577859	3	18250759:18250759	A/G	0.363895	A	pericarp color	4.13e-16			29746484		Plantmorphology(191)		18250759	yes	A/A
192484	osa4578885	3	18261179:18261179	T/C	0.340344	T	pericarp color	3.62e-11			29746484		Plantmorphology(191)		18261179	yes	T/T
192485	osa4578885	3	18261179:18261179	T/C	0.340344	T	pericarp color	1.25e-12			29746484		Plantmorphology(191)		18261179	yes	T/T
192487	osa4579855	3	18274148:18274148	T/C	0.301956	T	pericarp color	4.45e-12			29746484		Plantmorphology(191)		18274148	yes	T/T
192594	osa4589466	3	18563738:18563738	G/A	0.356125	G	pericarp color	2.41e-17			29746484		Plantmorphology(191)		18563738	yes	G/G
192653	osa4590923	3	18618966:18618966	T/C	0.313069	T	pericarp color	8.04e-09			29746484		Plantmorphology(191)		18618966	yes	T/T
192654	osa4591216	3	18622337:18622337	T/C	0.326391	T	pericarp color	1.03e-23		1.0	29746484		Plantmorphology(191)		18622337	yes	T/T
192656	osa4591327	3	18624684:18624684	T/C	0.307961	T	pericarp color	2e-16			29746484		Plantmorphology(191)		18624684	yes	T/T
192657	osa4591345	3	18624899:18624899	G/A	0.299055	G	pericarp color	1.44e-15			29746484		Plantmorphology(191)		18624899	yes	G/G
192709	osa4599431	3	18789275:18789275	A/G	0.153789	A	seed length	6.49e-05	3.91		21915109		Plantmorphology(191)		18789275	yes	A/A
192711	osa4599816	3	18792066:18792066	T/C	0.328758	T	pericarp color	1.8e-11			29746484		Plantmorphology(191)		18792066	yes	T/T
192712	osa4599827	3	18792086:18792086	G/A	0.349566	G	pericarp color	1.35e-11			29746484		Plantmorphology(191)		18792086	yes	G/G
192714	osa4600143	3	18793975:18793975	C/T	0.371504	C	pericarp color	1.4e-11			29746484		Plantmorphology(191)		18793975	yes	C/C
192716	osa4600159	3	18794143:18794143	G/A	0.346313	G	pericarp color	2.16e-11			29746484		Plantmorphology(191)		18794143	yes	G/G
192733	osa4603975	3	18878294:18878294	T/G	0.313581	T	pericarp color	1.49e-08			29746484		Plantmorphology(191)		18878294	yes	T/T
192753	osa4607540	3	18967675:18967675	A/C	0.347659	A	pericarp color	4.17e-15			29746484		Plantmorphology(191)		18967675	yes	A/A
192755	osa4607542	3	18967718:18967718	T/A	0.374454	T	pericarp color	4.17e-15			29746484		Plantmorphology(191)		18967718	yes	T/T
192756	osa4607583	3	18968130:18968130	A/G	0.396398	A	pericarp color	3.11e-09			29746484		Plantmorphology(191)		18968130	yes	A/A
192773	osa4610185	3	19027120:19027120	T/A	0.36972	T	pericarp color	1e-08			29746484		Plantmorphology(191)		19027120	yes	T/T
192786	osa4611263	3	19038367:19038367	G/T	0.399822	G	pericarp color	4.24e-11			29746484		Plantmorphology(191)		19038367	yes	G/G
192794	osa4611507	3	19040381:19040381	C/T	0.468517	C	pericarp color	2.49e-08			29746484		Plantmorphology(191)		19040381	yes	C/C
192797	osa4612504	3	19051989:19051989	T/C	0.386278	T	pericarp color	9e-15			29746484		Plantmorphology(191)		19051989	yes	T/T
192821	osa4617310	3	19133868:19133868	C/T	0.499597	C	pericarp color	1.1e-10			29746484		Plantmorphology(191)		19133868	yes	C/C
192822	osa4617340	3	19134118:19134118	A/G	0.363039	A	pericarp color	4.69e-18			29746484		Plantmorphology(191)		19134118	yes	A/A
192876	osa4620678	3	19209801:19209801	T/C	0.339276	T	panicle length	3.68e-06			34650575		Plantmorphology(191)		19209801	yes	T/T
192879	osa4621098	3	19213752:19213752	G/A	0.417963	G	seed fertility	0.000977			28282385		Plantmorphology(191)		19213752	yes	G/G
192909	osa4623782	3	19269144:19269144	T/C	0.36972	T	pericarp color	1.97e-09			29746484		Plantmorphology(191)		19269144	yes	T/T
192912	osa4624949	3	19285465:19285465	T/C	0.345472	T	pericarp color	4e-09			29746484		Plantmorphology(191)		19285465	yes	T/T
192914	osa4624961	3	19285680:19285680	C/T	0.339295	C	pericarp color	4.67e-09			29746484		Plantmorphology(191)		19285680	yes	C/C
192925	osa4627952	3	19340528:19340528	C/T	0.367404	C	pericarp color	1.87e-14			29746484		Plantmorphology(191)		19340528	yes	C/C
192951	osa4632918	3	19433646:19433646	G/A	0.330157	G	pericarp color	2.83e-15			29746484		Plantmorphology(191)		19433646	yes	G/G
192952	osa4632923	3	19433712:19433712	T/C	0.318182	T	pericarp color	2.87e-15			29746484		Plantmorphology(191)		19433712	yes	T/T
192953	osa4633587	3	19452582:19452582	T/G	0.31675	T	pericarp color	2.16e-12			29746484		Plantmorphology(191)		19452582	yes	T/T
192955	osa4633758	3	19454122:19454122	A/G	0.329858	A	pericarp color	1.65e-11			29746484		Plantmorphology(191)		19454122	yes	A/A
192957	osa4634187	3	19459331:19459331	A/C	0.32131	A	pericarp color	6.2e-13			29746484		Plantmorphology(191)		19459331	yes	A/A
192959	osa4634339	3	19460677:19460677	T/C	0.499739	T	salt tolerance	8.64e-06			31694217		Stress(66)		19460677	yes	T/T
192966	osa4635164	3	19483734:19483734	G/A	0.346316	G	pericarp color	8.6e-15			29746484		Plantmorphology(191)		19483734	yes	G/G
192974	osa4636365	3	19506733:19506733	A/G	0.319663	A	electrolyte leakage	1.23e-06			26381647		Biologicalprocess(19)		19506733	yes	A/A
193000	osa4638122	3	19537670:19537670	G/A	0.368968	G	spikelet per panicle	1.94e-06			34650575		Plantmorphology(191)		19537670	yes	G/G
193001	osa4638492	3	19543487:19543487	G/A	0.321985	G	pericarp color	3.43e-20			29746484		Plantmorphology(191)		19543487	yes	G/G
193013	osa464167	1	10208945:10208945	A/G	0.281854	A	grain silica concentration	5.5e-06			35371188		Biochemical(103)		10208945	yes	A/A
193014	osa4642388	3	19659737:19659737	C/T	0.350585	C	pericarp color	8.32e-19		1.0	29746484		Plantmorphology(191)		19659737	yes	C/C
193016	osa4643399	3	19670494:19670494	C/G	0.311053	C	pericarp color	1.53e-18			29746484		Plantmorphology(191)		19670494	yes	C/C
193060	osa4648986	3	19767087:19767087	G/C	0.326319	G	pericarp color	2.98e-13			29746484		Plantmorphology(191)		19767087	yes	G/G
193062	osa4649514	3	19775034:19775034	G/A	0.347766	G	pericarp color	1.13e-16			29746484		Plantmorphology(191)		19775034	yes	G/G
193064	osa4649770	3	19777836:19777836	T/C	0.329268	T	pericarp color	3.47e-08			29746484		Plantmorphology(191)		19777836	yes	T/T
193067	osa4649867	3	19785679:19785679	C/G	0.323057	C	pericarp color	1.55e-18			29746484		Plantmorphology(191)		19785679	yes	C/C
193068	osa4649876	3	19785936:19785936	G/C	0.340632	G	pericarp color	5.67e-19			29746484		Plantmorphology(191)		19785936	yes	G/G
193069	osa4649888	3	19786112:19786112	G/A	0.346215	G	pericarp color	8.32e-11			29746484		Plantmorphology(191)		19786112	yes	G/G
193070	osa4649888	3	19786112:19786112	G/A	0.346215	G	pericarp color	1.68e-14			29746484		Plantmorphology(191)		19786112	yes	G/G
193103	osa4657252	3	19910026:19910026	G/A	0.323306	G	pericarp color	1.19e-15			29746484		Plantmorphology(191)		19910026	yes	G/G
193123	osa4662883	3	20011580:20011580	T/G	0.346183	T	pericarp color	2.05e-19			29746484		Plantmorphology(191)		20011580	yes	T/T
193124	osa4662994	3	20012671:20012671	G/A	0.35271	G	pericarp color	5.23e-22			29746484		Plantmorphology(191)		20012671	yes	G/G
193125	osa4662998	3	20012695:20012695	T/C	0.352754	T	pericarp color	5.23e-22			29746484		Plantmorphology(191)		20012695	yes	T/T
193140	osa4665100	3	20038287:20038287	C/T	0.332188	C	pericarp color	2.88e-18			29746484		Plantmorphology(191)		20038287	yes	C/C
193144	osa4665201	3	20038862:20038862	T/C	0.32112	T	pericarp color	4.37e-17			29746484		Plantmorphology(191)		20038862	yes	T/T
193171	osa4668836	3	20090160:20090160	A/G	0.162706	A	pericarp color	2.7e-18			29746484		Plantmorphology(191)		20090160	yes	A/A
193172	osa4669476	3	20104189:20104189	T/G	0.167298	T	pericarp color	1.13e-10			29746484		Plantmorphology(191)		20104189	yes	T/T
193173	osa4669519	3	20104421:20104421	A/C	0.171892	A	pericarp color	1.39e-10			29746484		Plantmorphology(191)		20104421	yes	A/A
193199	osa4674135	3	20144983:20144983	C/T	0.339418	C	pericarp color	8.3e-15			29746484		Plantmorphology(191)		20144983	yes	C/C
193221	osa4674751	3	20158053:20158053	T/C	0.325532	T	pericarp color	2.9e-14			29746484		Plantmorphology(191)		20158053	yes	T/T
193248	osa4679756	3	20219083:20219083	C/T	0.373601	C	pericarp color	9.4e-09			29746484		Plantmorphology(191)		20219083	yes	C/C
193250	osa4680827	3	20234490:20234490	G/T	0.384429	G	pericarp color	1.84e-12			29746484		Plantmorphology(191)		20234490	yes	G/G
193272	osa4683820	3	20289113:20289113	A/G	0.328494	A	pericarp color	9.91e-14			29746484		Plantmorphology(191)		20289113	yes	A/A
193275	osa4683828	3	20289376:20289376	G/C	0.358534	G	pericarp color	7.31e-12			29746484		Plantmorphology(191)		20289376	yes	G/G
193301	osa4687618	3	20351292:20351292	T/C	0.327103	T	pericarp color	2.46e-19			29746484		Plantmorphology(191)		20351292	yes	T/T
193338	osa4693059	3	20464152:20464152	C/T	0.341887	C	pericarp color	4.28e-12			29746484		Plantmorphology(191)		20464152	yes	C/C
193339	osa4693061	3	20464170:20464170	A/G	0.334873	A	pericarp color	4.28e-12			29746484		Plantmorphology(191)		20464170	yes	A/A
193340	osa4693064	3	20464206:20464206	A/G	0.341284	A	pericarp color	7.21e-12			29746484		Plantmorphology(191)		20464206	yes	A/A
193456	osa4700146	3	20597781:20597781	G/A	0.346211	G	pericarp color	1.3e-17			29746484		Plantmorphology(191)		20597781	yes	G/G
193458	osa4701101	3	20605846:20605846	T/C	0.42304	T	pericarp color	8.3e-16			29746484		Plantmorphology(191)		20605846	yes	T/T
193459	osa4701131	3	20606033:20606033	A/G	0.321886	A	pericarp color	1.37e-15			29746484		Plantmorphology(191)		20606033	yes	A/A
193460	osa4701217	3	20606911:20606911	G/C	0.325503	G	pericarp color	4.79e-13			29746484		Plantmorphology(191)		20606911	yes	G/G
193461	osa4701217	3	20606911:20606911	G/C	0.325503	G	pericarp color	5.21e-11			29746484		Plantmorphology(191)		20606911	yes	G/G
193471	osa4702228	3	20629521:20629521	G/A	0.400488	G	pericarp color	1.22e-08			29746484		Plantmorphology(191)		20629521	yes	G/G
193472	osa4702521	3	20635449:20635449	G/A	0.399723	G	anaerobic salt response index	0.0001	6.2		35281797		Stress(66)		20635449	yes	G/G
193590	osa4712851	3	20806053:20806053	T/C	0.330711	T	pericarp color	4.48e-08			29746484		Plantmorphology(191)		20806053	yes	T/T
193642	osa4721981	3	20990980:20990980	G/A	0.380446	G	pericarp color	2.41e-11			29746484		Plantmorphology(191)		20990980	yes	G/G
193933	osa4733222	3	21155251:21155251	T/C	0.374425	T	pericarp color	1.23e-15			29746484		Plantmorphology(191)		21155251	yes	T/T
193968	osa4739918	3	21250964:21250964	T/G	0.335989	T	pericarp color	1e-08			29746484		Plantmorphology(191)		21250964	yes	T/T
193970	osa4740762	3	21260495:21260495	A/C	0.329912	A	seed fertility	0.000698			28282385		Plantmorphology(191)		21260495	yes	A/A
193971	osa4740806	3	21261137:21261137	T/A	0.325171	T	pericarp color	6.97e-17			29746484		Plantmorphology(191)		21261137	yes	T/T
193972	osa4741034	3	21264046:21264046	T/A	0.413683	T	black streak dwarf virus resistance	2.76e-09	23.5	1.0	32830595		Stress(66)		21264046	yes	T/T
193977	osa4742517	3	21296268:21296268	T/A	0.379963	T	the phloem area of large vascular bundle	7.8e-08	16.99		33288021		Plantmorphology(191)		21296268	yes	T/T
193978	osa4742517	3	21296268:21296268	T/A	0.379963	T	the total area of large vascular bundle	6.3e-07	14.78		33288021		Plantmorphology(191)		21296268	yes	T/T
193979	osa4742517	3	21296268:21296268	T/A	0.379963	T	the xylem area of large vascular bundle	1.6e-07	16.23		33288021		Plantmorphology(191)		21296268	yes	T/T
193980	osa4742585	3	21297415:21297415	C/T	0.378729	C	pericarp color	1.59e-14			29746484		Plantmorphology(191)		21297415	yes	C/C
193981	osa4742598	3	21297532:21297532	G/T	0.384023	G	pericarp color	1.28e-11			29746484		Plantmorphology(191)		21297532	yes	G/G
193999	osa4748532	3	21437428:21437428	T/C	0.332406	T	pericarp color	2.38e-15			29746484		Plantmorphology(191)		21437428	yes	T/T
194000	osa4749089	3	21444794:21444794	G/A	0.334796	G	pericarp color	1.06e-09			29746484		Plantmorphology(191)		21444794	yes	G/G
194001	osa4749091	3	21444802:21444802	A/G	0.334108	A	pericarp color	1.1e-09			29746484		Plantmorphology(191)		21444802	yes	A/A
194085	osa4753326	3	21563864:21563864	T/C	0.30345	T	pericarp color	1.07e-17			29746484		Plantmorphology(191)		21563864	yes	T/T
194209	osa4792696	3	22302396:22302396	T/C	0.337929	T	pericarp color	5.02e-23		1.0	29746484		Plantmorphology(191)		22302396	yes	T/T
194210	osa4792788	3	22303345:22303345	A/G	0.34898	A	pericarp color	4.46e-21			29746484		Plantmorphology(191)		22303345	yes	A/A
194243	osa4798984	3	22404034:22404034	A/G	0.318	A	flag leaf angle	1.9e-08	11.5	1.0	29617374		Plantmorphology(191)		22404034	yes	A/A
194280	osa4803830	3	22488453:22488453	C/T	0.389467	C	ratio of electrolyte leakage	1.22e-06			26381647		Biologicalprocess(19)		22488453	yes	C/C
194311	osa4809013	3	22591745:22591745	G/A	0.398423	G	pericarp color	2.37e-11			29746484		Plantmorphology(191)		22591745	yes	G/G
194312	osa4809037	3	22592237:22592237	A/G	0.347348	A	pericarp color	2.5e-17			29746484		Plantmorphology(191)		22592237	yes	A/A
194352	osa4814191	3	22683088:22683088	T/C	0.356853	T	pericarp color	1.17e-13			29746484		Plantmorphology(191)		22683088	yes	T/T
194389	osa4824082	3	22884004:22884004	A/G	0.364161	A	pericarp color	7.05e-10			29746484		Plantmorphology(191)		22884004	yes	A/A
194448	osa4830472	3	23014781:23014781	A/G	0.357887	A	pericarp color	5.39e-09			29746484		Plantmorphology(191)		23014781	yes	A/A
194452	osa4830559	3	23016300:23016300	G/A	0.405946	G	panicle number	1.69e-09		1.0	33509071		Biologicalprocess(19)		23016300	yes	G/G
194504	osa4836069	3	23105833:23105833	C/T	0.367934	C	rice yellow mottle virus resistance	3.11e-06			32936396		Stress(66)		23105833	yes	C/C
194510	osa4836648	3	23114701:23114701	G/A	0.422701	G	salt tolerance	4.72e-05	2.75		32561778		Stress(66)		23114701	yes	G/G
194532	osa4840638	3	23185991:23185991	T/C	0.38446	T	pericarp color	2.08e-09			29746484		Plantmorphology(191)		23185991	yes	T/T
194562	osa4849283	3	23316290:23316290	A/G	0.357728	A	pericarp color	4.19e-09			29746484		Plantmorphology(191)		23316290	yes	A/A
194659	osa4868355	3	23667990:23667990	A/G	0.355169	A	pericarp color	4.19e-14			29746484		Plantmorphology(191)		23667990	yes	A/A
194669	osa4874661	3	23794162:23794162	T/A	0.396647	T	pericarp color	9.48e-10			29746484		Plantmorphology(191)		23794162	yes	T/T
194703	osa4883353	3	23956306:23956306	T/C	0.364656	T	pericarp color	7.48e-10			29746484		Plantmorphology(191)		23956306	yes	T/T
194722	osa4887905	3	24031415:24031415	T/C	0.396337	T	uppermost internode	8.55e-05			31535313		Yield(14)		24031415	yes	T/T
194736	osa4889399	3	24070502:24070502	G/A	0.406921	G	germination temperature	8.13e-07			35578671		Plantgrowth_Development(17)		24070502	yes	G/G
194760	osa4896263	3	24237056:24237056	A/C	0.388976	A	pericarp color	2.4e-09			29746484		Plantmorphology(191)		24237056	yes	A/A
194761	osa4896272	3	24237254:24237254	C/T	0.44044	C	pericarp color	2.62e-12			29746484		Plantmorphology(191)		24237254	yes	C/C
194762	osa4896274	3	24237281:24237281	G/A	0.43597	G	pericarp color	2.47e-12			29746484		Plantmorphology(191)		24237281	yes	G/G
194773	osa4904407	3	24385895:24385895	T/C	0.378157	T	pericarp color	1.06e-13			29746484		Plantmorphology(191)		24385895	yes	T/T
194864	osa4952762	3	25368059:25368059	T/C	0.0515039	T	days to heading	1.1e-07			33333227		Plantgrowth_Development(17)		25368059	yes	T/T
195233	osa5085799	3	27929416:27929416	T/C	0.104295	T	secondary branch number	1.02e-06			34487253		Biologicalprocess(19)		27929416	yes	T/T
195234	osa5087386	3	27967637:27967637	A/G	0.276446	A	salt tolerance	3.84e-06			31694217		Stress(66)		27967637	yes	A/A
195426	osa5104321	3	28351752:28351752	A/C	0.430747	A	coleoptile diameter	2.3e-09			33409869		Plantmorphology(191)		28351752	yes	A/A
195427	osa5104333	3	28352026:28352026	C/A	0.429357	C	coleoptile diameter	6.04e-10			33409869		Plantmorphology(191)		28352026	yes	C/C
195428	osa5104366	3	28352221:28352221	C/T	0.435419	C	coleoptile diameter	2.45e-08			33409869		Plantmorphology(191)		28352221	yes	C/C
195707	osa5158747	3	29508889:29508889	T/C	0.362794	T	root biomass	6.57e-06			31694217		Plantmorphology(191)		29508889	yes	T/T
195708	osa5158747	3	29508889:29508889	T/C	0.362794	T	shoot biomass	8.08e-06			31694217		Plantmorphology(191)		29508889	yes	T/T
195709	osa5158747	3	29508889:29508889	T/C	0.362794	T	total biomass yield	5.71e-06			31694217		Plantmorphology(191)		29508889	yes	T/T
195713	osa5161560	3	29575472:29575472	A/C	0.392877	A	seed fertility	0.0004			28282385		Plantmorphology(191)		29575472	yes	A/A
196153	osa532940	1	11596996:11596996	A/T	0.0768072	T	days to heading	4.57e-06			35371188		Plantgrowth_Development(17)		11596996	yes	T/T
196154	osa532940	1	11596996:11596996	A/T	0.0768072	T	days to heading	1.7e-06			35371188		Plantgrowth_Development(17)		11596996	yes	T/T
196453	osa5377524	3	34372592:34372592	A/G	0.395421	A	grain cd concentrations	5.7e-06			30804959		Biochemical(103)		34372592	yes	A/A
197061	osa5424194	3	35346488:35346488	G/A	0.25219	G	panicle number	7.64e-05			30669971		Biologicalprocess(19)		35346488	yes	G/G
197063	osa5424265	3	35347873:35347873	A/G	0.254426	A	panicle number	7.64e-05			30669971		Biologicalprocess(19)		35347873	yes	A/A
198263	osa5473825	4	68317:68317	C/T	0.312901	C	grain silica concentration	9.33e-06			35371188		Biochemical(103)		68317	yes	C/C
198270	osa5478418	4	142087:142087	G/A	0.378499	G	grain length to width ratio	4.59e-05			35576158		Plantmorphology(191)		142087	yes	G/G
198285	osa549204	1	11881413:11881413	A/G	0.342213	A	germination index	8.29e-05			28282385		Plantvigor(23)		11881413	yes	A/A
198286	osa549204	1	11881413:11881413	A/G	0.342213	A	germination index	0.000264			28282385		Plantvigor(23)		11881413	yes	A/A
198398	osa5500741	4	493044:493044	C/T	0.458303	C	panicle length	0.000934			31208337		Plantmorphology(191)		493044	yes	C/C
198400	osa5500825	4	493281:493281	G/A	0.280652	G	panicle length	0.000173			31208337		Plantmorphology(191)		493281	yes	G/G
198401	osa5500833	4	493315:493315	G/A	0.35321	G	panicle length	3.21e-05			31208337		Plantmorphology(191)		493315	yes	G/G
198540	osa5514044	4	675893:675893	T/C	0.176479	T	grain length to width ratio	2.11e-07	7.57		35162989		Plantmorphology(191)		675893	yes	T/T
198885	osa5579130	4	1826552:1826552	C/T	0.148181	C	days to heading	1.26e-08		1.0	35371188		Plantgrowth_Development(17)		1826552	yes	C/C
198886	osa5579130	4	1826552:1826552	C/T	0.148181	C	days to heading	4.17e-07			35371188		Plantgrowth_Development(17)		1826552	yes	C/C
199303	osa5594325	4	2086834:2086834	G/T	0.262346	G	seed fertility	0.000845			28282385		Plantmorphology(191)		2086834	yes	G/G
199322	osa5608373	4	2457675:2457675	T/A	0.1751	T	m. graminicola resistance	8e-06			26552884		Stress(66)		2457675	yes	T/T
199323	osa5608458	4	2458655:2458655	C/T	0.337076	C	brown rice surface area	9.57e-05	0.98		21915109		Plantmorphology(191)		2458655	yes	C/C
199328	osa5609121	4	2468711:2468711	T/C	0.0766491	T	germination index	0.000724			28282385		Plantvigor(23)		2468711	yes	T/T
199810	osa5681829	4	4031333:4031333	T/C	0.408196	T	grain pb concentrations	7.82e-06			30804959		Biochemical(103)		4031333	yes	T/T
199818	osa5692639	4	4175816:4175816	T/C	0.197549	T	straighthead disorder severity rate	7.94e-06			35371188		Plantmorphology(191)		4175816	yes	T/T
199976	osa5755406	4	5069135:5069135	G/A	0.376587	G	grain yield trait	2.4e-05			31792643		Yield(14)		5069135	yes	G/G
199979	osa5755793	4	5071856:5071856	C/A	0.428282	C	grain yield trait	5.94e-06			31792643		Yield(14)		5071856	yes	C/C
199981	osa5756106	4	5074210:5074210	T/C	0.388682	T	grain yield trait	4.27e-05			31792643		Yield(14)		5074210	yes	T/T
199982	osa5756196	4	5074659:5074659	G/A	0.378549	G	grain yield trait	3.28e-05			31792643		Yield(14)		5074659	yes	G/G
199983	osa5756479	4	5076102:5076102	C/T	0.370897	C	grain yield trait	4.56e-05			31792643		Yield(14)		5076102	yes	C/C
200044	osa5782469	4	5492550:5492550	T/A	0.352858	T	rice bacterial blight disease resistance	2.93e-05			34185169		Stress(66)		5492550	yes	T/T
200046	osa5782579	4	5493646:5493646	G/C	0.358935	G	rice bacterial blight disease resistance	9.93e-05			34185169		Stress(66)		5493646	yes	G/G
200047	osa5782586	4	5493714:5493714	T/C	0.354325	T	rice bacterial blight disease resistance	3.58e-05			34185169		Stress(66)		5493714	yes	T/T
200048	osa5782590	4	5493782:5493782	A/G	0.349269	A	rice bacterial blight disease resistance	2.27e-05			34185169		Stress(66)		5493782	yes	A/A
200049	osa5782605	4	5493865:5493865	C/T	0.360761	C	rice bacterial blight disease resistance	8.87e-05			34185169		Stress(66)		5493865	yes	C/C
200050	osa5782613	4	5493979:5493979	T/C	0.343947	T	rice bacterial blight disease resistance	8.72e-05			34185169		Stress(66)		5493979	yes	T/T
200051	osa5782760	4	5495010:5495010	T/A	0.338201	T	rice bacterial blight disease resistance	5.69e-05			34185169		Stress(66)		5495010	yes	T/T
200108	osa581314	1	12473461:12473461	G/A	0.0849248	A	rice bacterial blight disease resistance	5.17e-09		1.0	34077549		Stress(66)		12473461	yes	G/A
200109	osa581314	1	12473461:12473461	G/A	0.0849248	A	rice bacterial blight disease resistance	5.17e-09		1.0	34467412		Stress(66)		12473461	yes	G/A
200674	osa5876932	4	7108272:7108272	G/A	0.358793	G	straighthead disorder severity rate	3.72e-06			35371188		Plantmorphology(191)		7108272	yes	G/A
200675	osa5876932	4	7108272:7108272	G/A	0.358793	G	straighthead disorder severity rate	1.95e-06			35371188		Plantmorphology(191)		7108272	yes	G/A
201358	osa5988052	4	9928128:9928128	T/C	0.186008	T	grain silica concentration	1.35e-06			35371188		Biochemical(103)		9928128	yes	T/T
201364	osa598971	1	12830176:12830176	A/G	0.328557	A	1000-grain weight	4.72e-05			31792643		Plantmorphology(191)		12830176	yes	A/A
201403	osa600055	1	12839544:12839544	A/G	0.32278	A	grain yield trait	5.76e-05			31792643		Yield(14)		12839544	yes	A/A
201407	osa600132	1	12840139:12840139	T/C	0.331652	T	1000-grain weight	8.56e-05			31792643		Plantmorphology(191)		12840139	yes	T/T
201408	osa600132	1	12840139:12840139	T/C	0.331652	T	grain yield trait	3.05e-05			31792643		Yield(14)		12840139	yes	T/T
201651	osa6016803	4	10657218:10657218	C/G	0.190436	C	grain silica concentration	2.82e-06			35371188		Biochemical(103)		10657218	yes	C/C
201652	osa6016803	4	10657218:10657218	C/G	0.190436	C	grain silica concentration	8.32e-06			35371188		Biochemical(103)		10657218	yes	C/C
201966	osa6029480	4	10833713:10833713	C/T	0.418278	C	brown planthopper resistance	2.02e-12		1.0	34302720		Stress(66)		10833713	yes	C/C
202556	osa605399	1	12928822:12928822	A/G	0.15327	A	stem diameter	7.02e-12		1.0	33159401		Plantmorphology(191)		12928822	yes	A/A
203471	osa6082979	4	12075365:12075365	G/A	0.411541	G	germination index	0.000965			28282385		Plantvigor(23)		12075365	yes	G/G
204528	osa6152169	4	13348603:13348603	A/G	0.385003	A	1000-grain weight	0.000181			31208337		Plantmorphology(191)		13348603	yes	A/A
205836	osa6320376	4	17029096:17029096	A/T	0.175365	A	sulfur content	1.74e-06			35371188		Biochemical(103)		17029096	yes	A/A
205837	osa6320376	4	17029096:17029096	A/T	0.175365	A	sulfur content	1.62e-06			35371188		Biochemical(103)		17029096	yes	A/A
207903	osa6416347	4	18654702:18654702	A/C	0.10605	C	rice bacterial blight disease resistance	8.83e-18			34467412		Stress(66)		18654702	yes	A/C
207904	osa6416347	4	18654702:18654702	A/C	0.10605	C	rice bacterial blight disease resistance	1.43e-08			34467412		Stress(66)		18654702	yes	A/C
207905	osa6416347	4	18654702:18654702	A/C	0.10605	C	rice bacterial blight disease resistance	2.2e-08			34077549		Stress(66)		18654702	yes	A/C
207906	osa6416347	4	18654702:18654702	A/C	0.10605	C	rice bacterial blight disease resistance	2.88e-13			34077549		Stress(66)		18654702	yes	A/C
207907	osa6416347	4	18654702:18654702	A/C	0.10605	C	rice bacterial blight disease resistance	8.83e-18			34077549		Stress(66)		18654702	yes	A/C
207908	osa6416347	4	18654702:18654702	A/C	0.10605	C	rice bacterial blight disease resistance	1.43e-08			34077549		Stress(66)		18654702	yes	A/C
207909	osa6416347	4	18654702:18654702	A/C	0.10605	C	rice bacterial blight disease resistance	7.37e-09			34077549		Stress(66)		18654702	yes	A/C
207910	osa6416347	4	18654702:18654702	A/C	0.10605	C	rice bacterial blight disease resistance	9.41e-11			34077549		Stress(66)		18654702	yes	A/C
207911	osa6416347	4	18654702:18654702	A/C	0.10605	C	rice bacterial blight disease resistance	9.41e-11			34467412		Stress(66)		18654702	yes	A/C
207912	osa6416347	4	18654702:18654702	A/C	0.10605	C	rice bacterial blight disease resistance	2.88e-13			34467412		Stress(66)		18654702	yes	A/C
207913	osa6416347	4	18654702:18654702	A/C	0.10605	C	rice bacterial blight disease resistance	2.2e-08			34467412		Stress(66)		18654702	yes	A/C
207914	osa6416348	4	18654708:18654708	G/A	0.0418703	A	rice bacterial blight disease resistance	1.56e-13			34467412		Stress(66)		18654708	yes	G/A
207915	osa6416348	4	18654708:18654708	G/A	0.0418703	A	rice bacterial blight disease resistance	6.89e-10			34467412		Stress(66)		18654708	yes	G/A
207916	osa6416348	4	18654708:18654708	G/A	0.0418703	A	rice bacterial blight disease resistance	6.89e-10			34077549		Stress(66)		18654708	yes	G/A
207917	osa6416348	4	18654708:18654708	G/A	0.0418703	A	rice bacterial blight disease resistance	2.08e-14			34077549		Stress(66)		18654708	yes	G/A
207918	osa6416348	4	18654708:18654708	G/A	0.0418703	A	rice bacterial blight disease resistance	1.56e-13			34077549		Stress(66)		18654708	yes	G/A
207919	osa6416348	4	18654708:18654708	G/A	0.0418703	A	rice bacterial blight disease resistance	1.77e-11			34077549		Stress(66)		18654708	yes	G/A
207920	osa6416348	4	18654708:18654708	G/A	0.0418703	A	rice bacterial blight disease resistance	4.3e-20			34077549		Stress(66)		18654708	yes	G/A
207921	osa6416348	4	18654708:18654708	G/A	0.0418703	A	rice bacterial blight disease resistance	1.77e-11			34467412		Stress(66)		18654708	yes	G/A
207922	osa6416348	4	18654708:18654708	G/A	0.0418703	A	rice bacterial blight disease resistance	4.3e-20			34467412		Stress(66)		18654708	yes	G/A
207934	osa6416354	4	18654761:18654761	C/T	0.0417508	T	rice bacterial blight disease resistance	1.36e-08			34467412		Stress(66)		18654761	yes	C/T
207935	osa6416354	4	18654761:18654761	C/T	0.0417508	T	rice bacterial blight disease resistance	5.37e-08			34467412		Stress(66)		18654761	yes	C/T
207936	osa6416354	4	18654761:18654761	C/T	0.0417508	T	rice bacterial blight disease resistance	1.36e-08			34077549		Stress(66)		18654761	yes	C/T
207937	osa6416354	4	18654761:18654761	C/T	0.0417508	T	rice bacterial blight disease resistance	5.37e-08			34077549		Stress(66)		18654761	yes	C/T
208292	osa6456320	4	19467663:19467663	T/C	0.110722	T	panicle length	6.88e-07			34487253		Plantmorphology(191)		19467663	yes	T/T
208293	osa6456820	4	19474737:19474737	A/G	0.105089	A	panicle length	7.24e-10		1.0	34487253		Plantmorphology(191)		19474737	yes	A/A
208646	osa6525774	4	20826636:20826636	G/C	0.324812	G	arsenic content trait	0.0002			31194746		Biochemical(103)		20826636	yes	G/G
219881	osa6620394	4	22638750:22638750	T/C	0.359812	T	stem diameter	1.05e-05			33159401		Plantmorphology(191)		22638750	yes	T/T
219882	osa6620394	4	22638750:22638750	T/C	0.359812	T	days to heading	1.95e-06			35371188		Plantgrowth_Development(17)		22638750	yes	T/T
236070	osa6821863	4	27444465:27444465	T/G	0.478556	T	spikelet fertility	7.38e-05			29767744		Plantmorphology(191)		27444465	yes	T/T
236370	osa6881398	4	28802856:28802856	A/G	0.152883	A	panicle length	5.78e-08			34487253		Plantmorphology(191)		28802856	yes	A/A
236371	osa6881398	4	28802856:28802856	A/G	0.152883	A	plant height	7.76e-06			35371188		Plantmorphology(191)		28802856	yes	A/A
236790	osa6962608	4	30759181:30759181	G/A	0.376065	G	root cone angle	1.77e-06			28971382		Plantmorphology(191)		30759181	yes	G/G
239913	osa6992121	4	31374509:31374509	A/G	0.152451	A	stem diameter	5.77e-13			33159401		Plantmorphology(191)		31374509	yes	A/A
239914	osa6992121	4	31374509:31374509	A/G	0.152451	A	stem diameter	3.47e-13			33159401		Plantmorphology(191)		31374509	yes	A/A
239915	osa6992121	4	31374509:31374509	A/G	0.152451	A	stem diameter	1.25e-13			33159401		Plantmorphology(191)		31374509	yes	A/A
241763	osa703602	1	14722232:14722232	T/C	0.118254	T	days to heading	9.55e-06			35371188		Plantgrowth_Development(17)		14722232	yes	T/T
242780	osa7119415	4	34292190:34292190	G/T	0.498452	G	grain number	9.62e-08			33767346		Plantmorphology(191)		34292190	yes	G/G
242781	osa7119416	4	34292220:34292220	T/G	0.499356	T	grain number	9.62e-08			33767346		Plantmorphology(191)		34292220	yes	T/T
242810	osa7119530	4	34293404:34293404	A/G	0.493879	A	grain number	9.62e-08			33767346		Plantmorphology(191)		34293404	yes	A/A
242814	osa7119541	4	34293707:34293707	T/C	0.495151	T	grain number	9.62e-08			33767346		Plantmorphology(191)		34293707	yes	T/T
242935	osa7120281	4	34309219:34309219	A/C	0.473315	A	grain number	9.62e-08			33767346		Plantmorphology(191)		34309219	yes	A/A
242937	osa7120289	4	34309573:34309573	C/T	0.482783	C	grain number	9.62e-08			33767346		Plantmorphology(191)		34309573	yes	C/C
245896	osa7130534	4	34528416:34528416	C/T	0.496574	C	grain number	4.8e-07			33767346		Plantmorphology(191)		34528416	yes	C/C
245897	osa7130541	4	34528695:34528695	G/A	0.490199	G	grain number	4.8e-07			33767346		Plantmorphology(191)		34528695	yes	G/G
245898	osa7130542	4	34528730:34528730	T/C	0.499576	T	grain number	4.8e-07			33767346		Plantmorphology(191)		34528730	yes	T/T
245899	osa7130543	4	34528754:34528754	T/C	0.471315	T	grain number	4.8e-07			33767346		Plantmorphology(191)		34528754	yes	T/T
248616	osa7188783	5	463077:463077	G/A	0.466834	G	rice bacterial blight disease resistance	3.09e-05	9.0		33802191		Stress(66)		463077	yes	G/G
249086	osa7240628	5	1615248:1615248	T/A	0.31475	T	relative chlorophyll content	0.000244			25371505		Biochemical(103)		1615248	yes	T/T
249533	osa7382378	5	4772590:4772590	G/A	0.486798	G	straighthead disorder severity rate	1e-07			35371188		Plantmorphology(191)		4772590	yes	G/G
249534	osa7382378	5	4772590:4772590	G/A	0.486798	G	straighthead disorder severity rate	2.95e-07			35371188		Plantmorphology(191)		4772590	yes	G/G
249798	osa7409751	5	5359283:5359283	A/G	0.498556	A	head rice yield	5.5e-11			31145789		Yield(14)		5359283	yes	A/A
249910	osa7410673	5	5377198:5377198	T/C	0.494971	T	grain width	1.5800000000000001e-21			22138690		Plantmorphology(191)		5377198	yes	T/T
250621	osa7421573	5	5545143:5545143	T/C	0.266056	T	grain width	1.12e-09		1.0	32303966		Plantmorphology(191)		5545143	yes	T/T
250648	osa7423462	5	5597834:5597834	T/C	0.276517	T	grain length to width ratio	2.33e-07	63.35		32391027		Plantmorphology(191)		5597834	yes	T/T
250649	osa7423462	5	5597834:5597834	T/C	0.276517	T	grain length to width ratio	2.71e-05	59.6		32391027		Plantmorphology(191)		5597834	yes	T/T
250650	osa7423462	5	5597834:5597834	T/C	0.276517	T	grain thickness	3.74e-05	36.68		32391027		Plant_quality(26)		5597834	yes	T/T
250651	osa7423462	5	5597834:5597834	T/C	0.276517	T	grain width	2.46e-11	59.78		32391027		Plantmorphology(191)		5597834	yes	T/T
250652	osa7423462	5	5597834:5597834	T/C	0.276517	T	grain width	5.44e-09	53.81		32391027		Plantmorphology(191)		5597834	yes	T/T
250655	osa7423734	5	5603332:5603332	G/A	0.294081	G	grain width	3.85e-12	59.78		32391027		Plantmorphology(191)		5603332	yes	G/G
250656	osa7423734	5	5603332:5603332	G/A	0.294081	G	grain width	1.99e-09	53.81		32391027		Plantmorphology(191)		5603332	yes	G/G
250657	osa7423734	5	5603332:5603332	G/A	0.294081	G	grain length to width ratio	9.01e-08	63.35		32391027		Plantmorphology(191)		5603332	yes	G/G
250658	osa7423734	5	5603332:5603332	G/A	0.294081	G	grain length to width ratio	9.52e-06	59.6		32391027		Plantmorphology(191)		5603332	yes	G/G
250659	osa7423734	5	5603332:5603332	G/A	0.294081	G	grain thickness	3.03e-05	30.87		32391027		Plant_quality(26)		5603332	yes	G/G
250660	osa7423734	5	5603332:5603332	G/A	0.294081	G	grain thickness	2.73e-05	36.68		32391027		Plant_quality(26)		5603332	yes	G/G
250661	osa7423734	5	5603332:5603332	G/A	0.294081	G	1000-grain weight	2.68e-05	40.47		32391027		Plantmorphology(191)		5603332	yes	G/G
250662	osa7423734	5	5603332:5603332	G/A	0.294081	G	1000-grain weight	6.68e-05	40.8		32391027		Plantmorphology(191)		5603332	yes	G/G
250766	osa7428292	5	5685704:5685704	T/C	0.280846	T	grain length to width ratio	2.48e-07	63.35		32391027		Plantmorphology(191)		5685704	yes	T/T
250767	osa7428292	5	5685704:5685704	T/C	0.280846	T	grain length to width ratio	1.2e-05	59.6		32391027		Plantmorphology(191)		5685704	yes	T/T
250768	osa7428292	5	5685704:5685704	T/C	0.280846	T	grain thickness	2.36e-05	30.87		32391027		Plant_quality(26)		5685704	yes	T/T
250769	osa7428292	5	5685704:5685704	T/C	0.280846	T	grain thickness	8.67e-05	36.68		32391027		Plant_quality(26)		5685704	yes	T/T
250770	osa7428292	5	5685704:5685704	T/C	0.280846	T	1000-grain weight	4.95e-05	40.47		32391027		Plantmorphology(191)		5685704	yes	T/T
250771	osa7428292	5	5685704:5685704	T/C	0.280846	T	grain width	2.01e-11	59.78		32391027		Plantmorphology(191)		5685704	yes	T/T
250772	osa7428292	5	5685704:5685704	T/C	0.280846	T	grain width	4.14e-09	53.81		32391027		Plantmorphology(191)		5685704	yes	T/T
251084	osa7505776	5	7020319:7020319	G/A	0.477157	G	germination index	7.39e-05			28282385		Plantvigor(23)		7020319	yes	G/G
251085	osa7505776	5	7020319:7020319	G/A	0.477157	G	germination index	0.000832			28282385		Plantvigor(23)		7020319	yes	G/G
251089	osa7511475	5	7111655:7111655	C/T	0.232784	C	arsenic content ratio	0.000111			31194746		Biochemical(103)		7111655	yes	C/C
251193	osa7528757	5	7358447:7358447	T/C	0.121447	T	resistant starch	1.96e-05	42.08		32901332		Plant_quality(26)		7358447	yes	T/T
251194	osa7529005	5	7363803:7363803	C/T	0.319089	T	grain selenium concentrations	9.86e-10	0.67	1.0	31734869		Biochemical(103)		7363803	yes	T/T
251204	osa753028	1	15639778:15639778	C/A	0.426839	C	seed calcium concentration	5.13e-06			35371188		Biochemical(103)		15639778	yes	C/C
251337	osa7692518	5	10266107:10266107	T/C	0.0892904	T	oleic acid content	1.13e-07	4.59		33307246		Biochemical(103)		10266107	yes	T/T
251338	osa7692518	5	10266107:10266107	T/C	0.0892904	T	linolenic acid concentration	4.17e-08	0.1	1.0	33307246		Biochemical(103)		10266107	yes	T/T
251348	osa7710337	5	10583460:10583460	T/C	0.0196332	T	percent germination	8.4e-08	3.8		26810156		Plantvigor(23)		10583460	yes	T/T
251349	osa7710337	5	10583460:10583460	T/C	0.0196332	T	percent germination	3.5e-09	2.1		26810156		Plantvigor(23)		10583460	yes	T/T
251382	osa774064	1	16190978:16190978	G/A	0.39613	G	panicle number	1.02e-05	31.84		29872443		Biologicalprocess(19)		16190978	yes	G/G
251383	osa774345	1	16195788:16195788	C/A	0.443857	C	panicle number	5.09e-06	37.39		29872443		Biologicalprocess(19)		16195788	yes	C/C
251411	osa780508	1	16287569:16287569	A/G	0.42231	A	germination index	0.000605			28282385		Plantvigor(23)		16287569	yes	A/A
251466	osa7883379	5	14065680:14065680	G/A	0.140775	G	seed weight	0.000909			28282385		Plantmorphology(191)		14065680	yes	G/G
251553	osa7935739	5	14959930:14959930	T/C	0.361939	T	growth in plant height	3.38e-07			31694217		Stress(66)		14959930	yes	T/T
251599	osa7947927	5	15181768:15181768	T/C	0.380578	T	arsenic content ratio	6.48e-05			31194746		Biochemical(103)		15181768	yes	T/T
251631	osa7967243	5	15746230:15746230	A/G	0.376344	A	root biomass	5.09e-07			31694217		Plantmorphology(191)		15746230	yes	A/A
251632	osa7967243	5	15746230:15746230	A/G	0.376344	A	root biomass	4.65e-07			31694217		Plantmorphology(191)		15746230	yes	A/A
251633	osa7967243	5	15746230:15746230	A/G	0.376344	A	total biomass yield	9.52e-06			31694217		Plantmorphology(191)		15746230	yes	A/A
251639	osa7974281	5	15903425:15903425	T/C	0.142044	T	mesocotyl length	7.49e-08			26362270		Plantmorphology(191)		15903425	yes	T/T
251657	osa7988698	5	16192781:16192781	A/T	0.148046	A	mesocotyl length	8.04e-08			26362270		Plantmorphology(191)		16192781	yes	A/A
251847	osa8040195	5	17095877:17095877	A/C	0.114051	A	rice bacterial leaf streak disease resistance	6.74e-06	0.0		34685848		Stress(66)		17095877	yes	A/A
251967	osa8062323	5	17491701:17491701	T/A	0.0915835	T	total biomass yield	1.94e-06			28821952		Plantmorphology(191)		17491701	yes	T/T
252630	osa8184347	5	19944171:19944171	T/C	0.233984	T	primary branch number	8.42e-07			34487253		Plantmorphology(191)		19944171	yes	T/T
252646	osa8194916	5	20164893:20164893	T/C	0.0875783	T	germination energy	2.92e-09		1.0	30322083		Plantvigor(23)		20164893	yes	T/T
252737	osa824221	1	17243962:17243962	A/T	0.378509	A	seed calcium concentration	3.16e-07			35371188		Biochemical(103)		17243962	yes	A/A
252786	osa8259445	5	21550141:21550141	C/T	0.456182	C	grain as concentrations	4.89e-06			30804959		Biochemical(103)		21550141	yes	C/C
253008	osa8357631	5	23721766:23721766	T/C	0.333165	T	rice seedling blight disease resistance	3.44e-06	0.38		33830376		Stress(66)		23721766	yes	T/T
253015	osa8360116	5	23776550:23776550	T/G	0.298906	T	rice seedling blight disease resistance	2.13e-07	1.27		33830376		Stress(66)		23776550	yes	T/T
253074	osa8403119	5	24817618:24817618	T/C	0.117226	T	cold tolerance	6.1e-05	10.21		32490579		Stress(66)		24817618	yes	T/T
253091	osa8418095	5	25132246:25132246	T/C	0.340904	T	seed weight	0.000631			28282385		Plantmorphology(191)		25132246	yes	T/T
253262	osa8495945	5	27018721:27018721	C/T	0.208461	C	seed weight	0.000468			28282385		Plantmorphology(191)		27018721	yes	C/C
253263	osa8495945	5	27018721:27018721	C/T	0.208461	C	seed weight	0.000484			28282385		Plantmorphology(191)		27018721	yes	C/C
253385	osa8512478	5	27432948:27432948	G/A	0.233316	G	panicle length	5.58e-07			34487253		Plantmorphology(191)		27432948	yes	G/G
253481	osa8536119	5	28019687:28019687	T/C	0.198687	T	grain width	8.4e-06	48.0		33367255		Plantmorphology(191)		28019687	yes	T/T
253783	osa8603718	5	29704387:29704387	T/G	0.432785	G	days to germinate	5.28e-09		1.0	28558653		Plantgrowth_Development(17)		29704387	yes	T/G
256027	osa8684034	6	1659757:1659757	G/C	0.340743	G	medium-chain amylopectin percent	2.75e-10			27881726		Biochemical(103)		1659757	yes	G/G
256028	osa8684034	6	1659757:1659757	G/C	0.340743	G	short-chain amylopectin percent	9.82e-09			27881726		Biochemical(103)		1659757	yes	G/G
256029	osa8684034	6	1659757:1659757	G/C	0.340743	G	amylose percent	2.4e-10			27881726		Biochemical(103)		1659757	yes	G/G
256030	osa8684034	6	1659757:1659757	G/C	0.340743	G	amylopectin percent	3.11e-10			27881726		Biochemical(103)		1659757	yes	G/G
256031	osa8684034	6	1659757:1659757	G/C	0.340743	G	amylose 1 (true amylose chains) percent	2.75e-09			27881726		Biochemical(103)		1659757	yes	G/G
256032	osa8684034	6	1659757:1659757	G/C	0.340743	G	amylose 2 (long chain amylopectin) percent	1.22e-10			27881726		Biochemical(103)		1659757	yes	G/G
256039	osa8684177	6	1662107:1662107	T/C	0.343853	T	gel consistency	7e-14	26.2	1.0	29222496		Biochemical(103)		1662107	yes	T/T
256040	osa8684343	6	1664376:1664376	T/C	0.342935	T	amylose percent	2.65e-07			27881726		Biochemical(103)		1664376	yes	T/T
256041	osa8684343	6	1664376:1664376	T/C	0.342935	T	amylopectin percent	3.12e-07			27881726		Biochemical(103)		1664376	yes	T/T
256042	osa8684343	6	1664376:1664376	T/C	0.342935	T	amylose 1 (true amylose chains) percent	1.13e-06			27881726		Biochemical(103)		1664376	yes	T/T
256043	osa8684343	6	1664376:1664376	T/C	0.342935	T	amylose 2 (long chain amylopectin) percent	1.67e-07			27881726		Biochemical(103)		1664376	yes	T/T
256044	osa8684343	6	1664376:1664376	T/C	0.342935	T	medium-chain amylopectin percent	1.06e-07			27881726		Biochemical(103)		1664376	yes	T/T
256045	osa8684343	6	1664376:1664376	T/C	0.342935	T	short-chain amylopectin percent	3.52e-06			27881726		Biochemical(103)		1664376	yes	T/T
256046	osa8684358	6	1664631:1664631	T/G	0.343631	T	medium-chain amylopectin percent	9.54e-10			27881726		Biochemical(103)		1664631	yes	T/T
256047	osa8684358	6	1664631:1664631	T/G	0.343631	T	short-chain amylopectin percent	1.94e-09			27881726		Biochemical(103)		1664631	yes	T/T
256048	osa8684358	6	1664631:1664631	T/G	0.343631	T	amylose percent	8.06e-11			27881726		Biochemical(103)		1664631	yes	T/T
256049	osa8684358	6	1664631:1664631	T/G	0.343631	T	amylopectin percent	9.62e-11			27881726		Biochemical(103)		1664631	yes	T/T
256050	osa8684358	6	1664631:1664631	T/G	0.343631	T	amylose 1 (true amylose chains) percent	1.14e-09			27881726		Biochemical(103)		1664631	yes	T/T
256051	osa8684358	6	1664631:1664631	T/G	0.343631	T	amylose 2 (long chain amylopectin) percent	3.94e-11			27881726		Biochemical(103)		1664631	yes	T/T
256058	osa8684548	6	1669087:1669087	T/C	0.3392	T	medium-chain amylopectin percent	1.36e-07			27881726		Biochemical(103)		1669087	yes	T/T
256059	osa8684548	6	1669087:1669087	T/C	0.3392	T	short-chain amylopectin percent	1.59e-07			27881726		Biochemical(103)		1669087	yes	T/T
256060	osa8684548	6	1669087:1669087	T/C	0.3392	T	amylose percent	1.37e-08			27881726		Biochemical(103)		1669087	yes	T/T
256061	osa8684548	6	1669087:1669087	T/C	0.3392	T	amylopectin percent	1.66e-08			27881726		Biochemical(103)		1669087	yes	T/T
256062	osa8684548	6	1669087:1669087	T/C	0.3392	T	amylose 1 (true amylose chains) percent	1.13e-07			27881726		Biochemical(103)		1669087	yes	T/T
256063	osa8684548	6	1669087:1669087	T/C	0.3392	T	amylose 2 (long chain amylopectin) percent	7.77e-09			27881726		Biochemical(103)		1669087	yes	T/T
256064	osa8684556	6	1669314:1669314	T/C	0.338311	T	amylose percent	4.63e-08			27881726		Biochemical(103)		1669314	yes	T/T
256065	osa8684556	6	1669314:1669314	T/C	0.338311	T	amylopectin percent	5.73e-08			27881726		Biochemical(103)		1669314	yes	T/T
256066	osa8684556	6	1669314:1669314	T/C	0.338311	T	amylose 1 (true amylose chains) percent	2.53e-07			27881726		Biochemical(103)		1669314	yes	T/T
256067	osa8684556	6	1669314:1669314	T/C	0.338311	T	amylose 2 (long chain amylopectin) percent	8.41e-09			27881726		Biochemical(103)		1669314	yes	T/T
256068	osa8684556	6	1669314:1669314	T/C	0.338311	T	medium-chain amylopectin percent	7.9e-08			27881726		Biochemical(103)		1669314	yes	T/T
256069	osa8684556	6	1669314:1669314	T/C	0.338311	T	short-chain amylopectin percent	4.14e-07			27881726		Biochemical(103)		1669314	yes	T/T
256248	osa8688046	6	1746820:1746820	A/T	0.457537	A	medium-chain amylopectin percent	6.9e-12		1.0	27881726		Biochemical(103)		1746820	yes	A/A
256249	osa8688046	6	1746820:1746820	A/T	0.457537	A	short-chain amylopectin percent	2.35e-08			27881726		Biochemical(103)		1746820	yes	A/A
256250	osa8688046	6	1746820:1746820	A/T	0.457537	A	amylose percent	2.42e-10			27881726		Biochemical(103)		1746820	yes	A/A
256251	osa8688046	6	1746820:1746820	A/T	0.457537	A	amylopectin percent	2.5e-10			27881726		Biochemical(103)		1746820	yes	A/A
256252	osa8688046	6	1746820:1746820	A/T	0.457537	A	amylose 1 (true amylose chains) percent	2.07e-08			27881726		Biochemical(103)		1746820	yes	A/A
256253	osa8688046	6	1746820:1746820	A/T	0.457537	A	amylose 2 (long chain amylopectin) percent	7.87e-13			27881726		Biochemical(103)		1746820	yes	A/A
256254	osa8688208	6	1748967:1748967	T/C	0.12214	T	breakdown viscosity	2.63e-13	24.69		32886450		Plant_quality(26)		1748967	yes	T/T
256555	osa8690650	6	1797551:1797551	T/C	0.476647	T	gel consistency	1.03e-17		1.0	29746484		Biochemical(103)		1797551	yes	T/T
256556	osa8690650	6	1797551:1797551	T/C	0.476647	T	gel consistency	2.13e-11			29746484		Biochemical(103)		1797551	yes	T/T
256557	osa8690650	6	1797551:1797551	T/C	0.476647	T	gel consistency	3.62e-16			29746484		Biochemical(103)		1797551	yes	T/T
256558	osa8690650	6	1797551:1797551	T/C	0.476647	T	gel consistency	9.09e-09			29746484		Biochemical(103)		1797551	yes	T/T
256826	osa8710657	6	2269663:2269663	T/G	0.451179	T	seed calcium concentration	1.95e-07			35371188		Biochemical(103)		2269663	yes	T/T
256827	osa8710657	6	2269663:2269663	T/G	0.451179	T	seed calcium concentration	1.05e-06			35371188		Biochemical(103)		2269663	yes	T/T
257035	osa8738860	6	2935012:2935012	T/A	0.485207	T	stem diameter	9.59e-07			33159401		Plantmorphology(191)		2935012	yes	T/T
258467	osa8742587	6	3018541:3018541	G/A	0.463798	G	stem thickness	1.34e-06			33159401		Plantmorphology(191)		3018541	yes	G/G
258468	osa8742587	6	3018541:3018541	G/A	0.463798	G	stem thickness	1.47e-07			33159401		Plantmorphology(191)		3018541	yes	G/G
258469	osa8742587	6	3018541:3018541	G/A	0.463798	G	stem diameter	0.000507			33159401		Plantmorphology(191)		3018541	yes	G/G
258470	osa8742590	6	3018660:3018660	C/A	0.482129	C	stem thickness	1.36e-06			33159401		Plantmorphology(191)		3018660	yes	C/C
258471	osa8742590	6	3018660:3018660	C/A	0.482129	C	stem thickness	1.03e-07			33159401		Plantmorphology(191)		3018660	yes	C/C
258472	osa8742590	6	3018660:3018660	C/A	0.482129	C	stem diameter	0.000757			33159401		Plantmorphology(191)		3018660	yes	C/C
261089	osa8753370	6	3236465:3236465	A/G	0.456272	A	stem thickness	2.13e-09			33159401		Plantmorphology(191)		3236465	yes	A/A
261090	osa8753370	6	3236465:3236465	A/G	0.456272	A	stem diameter	8.61e-05			33159401		Plantmorphology(191)		3236465	yes	A/A
261091	osa8753370	6	3236465:3236465	A/G	0.456272	A	stem thickness	1.46e-10			33159401		Plantmorphology(191)		3236465	yes	A/A
261092	osa8753370	6	3236465:3236465	A/G	0.456272	A	stem diameter	1.01e-05			33159401		Plantmorphology(191)		3236465	yes	A/A
261093	osa8753370	6	3236465:3236465	A/G	0.456272	A	stem diameter	1.25e-05			33159401		Plantmorphology(191)		3236465	yes	A/A
262059	osa8822555	6	4861882:4861882	A/G	0.112709	A	panicle length	4.23e-07			34487253		Plantmorphology(191)		4861882	yes	A/A
262795	osa8913119	6	6711302:6711302	T/C	0.465979	T	gelatinization temperature	1.96e-10	27.19	1.0	33980871		Biochemical(103)		6711302	yes	T/T
262796	osa8913119	6	6711302:6711302	T/C	0.465979	T	gelatinization temperature	1.96e-10	10.55		33980871		Biochemical(103)		6711302	yes	T/T
262797	osa8913119	6	6711302:6711302	T/C	0.465979	T	gelatinization temperature	4.71e-09	15.55		33980871		Biochemical(103)		6711302	yes	T/T
264736	osa8992153	6	8264404:8264404	A/G	0.313133	A	germination index	0.000867			28282385		Plantvigor(23)		8264404	yes	A/A
264770	osa8998221	6	8388601:8388601	A/G	0.359406	A	stem diameter	6.73e-12			33159401		Plantmorphology(191)		8388601	yes	A/A
264771	osa8998221	6	8388601:8388601	A/G	0.359406	A	stem diameter	2.07e-11			33159401		Plantmorphology(191)		8388601	yes	A/A
264772	osa8998221	6	8388601:8388601	A/G	0.359406	A	stem diameter	4.49e-11			33159401		Plantmorphology(191)		8388601	yes	A/A
264773	osa8998221	6	8388601:8388601	A/G	0.359406	A	stem thickness	1.76e-15		1.0	33159401		Plantmorphology(191)		8388601	yes	A/A
264774	osa8998221	6	8388601:8388601	A/G	0.359406	A	breaking strength of the basal internode	3.05e-11		1.0	33159401		Plantmorphology(191)		8388601	yes	A/A
264775	osa8998221	6	8388601:8388601	A/G	0.359406	A	stem thickness	2.71e-12			33159401		Plantmorphology(191)		8388601	yes	A/A
264776	osa8998221	6	8388601:8388601	A/G	0.359406	A	stem thickness	6.23e-11			33159401		Plantmorphology(191)		8388601	yes	A/A
264956	osa9002251	6	8476057:8476057	A/G	0.48289	A	days to heading	1.6e-07			32303966		Plantgrowth_Development(17)		8476057	yes	A/A
267729	osa9050479	6	9642009:9642009	A/G	0.0943651	A	chlorophyll content	8.19e-06			30796281		Biochemical(103)		9642009	yes	A/A
267731	osa9051214	6	9652784:9652784	T/G	0.0902338	T	days to flowering trait	2.37e-06	8.86		21915109		Plantgrowth_Development(17)		9652784	yes	T/T
267732	osa9051214	6	9652784:9652784	T/G	0.0902338	T	flowering time ratio	1.38e-10	16.25	1.0	21915109		Plantgrowth_Development(17)		9652784	yes	T/T
267746	osa9054360	6	9690934:9690934	T/C	0.118089	T	days to heading	4e-08		1.0	33333227		Plantgrowth_Development(17)		9690934	yes	T/T
267764	osa9056647	6	9776318:9776318	C/T	0.370883	C	stem diameter	0.000154			33159401		Plantmorphology(191)		9776318	yes	C/C
267765	osa9056647	6	9776318:9776318	C/T	0.370883	C	stem diameter	8.54e-05			33159401		Plantmorphology(191)		9776318	yes	C/C
268241	osa9069174	6	10021464:10021464	A/T	0.351808	A	stem thickness	8.85e-06			33159401		Plantmorphology(191)		10021464	yes	A/A
268242	osa9069174	6	10021464:10021464	A/T	0.351808	A	stem diameter	0.0009			33159401		Plantmorphology(191)		10021464	yes	A/A
268243	osa9069174	6	10021464:10021464	A/T	0.351808	A	stem diameter	0.000237			33159401		Plantmorphology(191)		10021464	yes	A/A
268244	osa9069174	6	10021464:10021464	A/T	0.351808	A	stem diameter	0.000379			33159401		Plantmorphology(191)		10021464	yes	A/A
268258	osa9069186	6	10021557:10021557	T/C	0.350013	T	stem thickness	1.39e-05			33159401		Plantmorphology(191)		10021557	yes	T/T
268259	osa9069186	6	10021557:10021557	T/C	0.350013	T	stem diameter	0.000924			33159401		Plantmorphology(191)		10021557	yes	T/T
268260	osa9069186	6	10021557:10021557	T/C	0.350013	T	stem diameter	0.000256			33159401		Plantmorphology(191)		10021557	yes	T/T
268261	osa9069186	6	10021557:10021557	T/C	0.350013	T	stem diameter	0.000417			33159401		Plantmorphology(191)		10021557	yes	T/T
268329	osa9069390	6	10023953:10023953	T/C	0.286665	T	stem diameter	8.25e-05			33159401		Plantmorphology(191)		10023953	yes	T/T
268330	osa9069390	6	10023953:10023953	T/C	0.286665	T	stem diameter	1.77e-05			33159401		Plantmorphology(191)		10023953	yes	T/T
268331	osa9069390	6	10023953:10023953	T/C	0.286665	T	stem diameter	2.9e-05			33159401		Plantmorphology(191)		10023953	yes	T/T
268332	osa9069390	6	10023953:10023953	T/C	0.286665	T	stem diameter	0.000171			33159401		Plantmorphology(191)		10023953	yes	T/T
269683	osa9081578	6	10269767:10269767	T/C	0.401432	T	shoot fresh weight	4.87e-05	7.7		29078746		Plantmorphology(191)		10269767	yes	T/T
269684	osa9081578	6	10269767:10269767	T/C	0.401432	T	shoot dry weight	2.46e-05	8.3		29078746		Plantmorphology(191)		10269767	yes	T/T
269687	osa9081631	6	10270736:10270736	A/C	0.369965	A	shoot dry weight	2.51e-05	8.3		29078746		Plantmorphology(191)		10270736	yes	A/A
269688	osa9081631	6	10270736:10270736	A/C	0.369965	A	plant height	3.58e-06	8.7		29078746		Plantmorphology(191)		10270736	yes	A/A
269689	osa9081631	6	10270736:10270736	A/C	0.369965	A	shoot fresh weight	2.02e-05	8.5		29078746		Plantmorphology(191)		10270736	yes	A/A
269690	osa9081639	6	10270773:10270773	C/T	0.367098	C	plant height	6.08e-06	8.3		29078746		Plantmorphology(191)		10270773	yes	C/C
269691	osa9081639	6	10270773:10270773	C/T	0.367098	C	shoot fresh weight	1.1e-05	9.0		29078746		Plantmorphology(191)		10270773	yes	C/C
269692	osa9081639	6	10270773:10270773	C/T	0.367098	C	shoot dry weight	1.03e-05	9.2		29078746		Plantmorphology(191)		10270773	yes	C/C
269693	osa9081639	6	10270773:10270773	C/T	0.367098	C	root dry weight	6.64e-05	7.3		29078746		Plantmorphology(191)		10270773	yes	C/C
270570	osa9160464	6	11638549:11638549	G/A	0.296845	G	seed set percent	3.8e-05			31792643		Plantmorphology(191)		11638549	yes	G/G
271577	osa9223098	6	12897677:12897677	C/T	0.434201	C	root thickness	6.17e-07	0.67		34215814		Plantmorphology(191)		12897677	yes	C/C
271696	osa9296194	6	14070587:14070587	A/T	0.446612	T	seed set percent	1.54e-11		1.0	35576158		Plantmorphology(191)		14070587	yes	T/T
271806	osa9383074	6	15638713:15638713	C/T	0.279446	T	germination index	0.000615			28282385		Plantvigor(23)		15638713	yes	T/T
272091	osa9443989	6	16658582:16658582	A/T	0.497454	T	seed fertility	0.000161			28282385		Plantmorphology(191)		16658582	yes	T/T
273076	osa9521149	6	17927576:17927576	G/A	0.110019	A	relative total root volume	9.77e-05	13.6		35557725		Stress(66)		17927576	yes	A/A
273080	osa9521313	6	17929673:17929673	A/T	0.15577	T	relative total root volume	5.51e-05	14.64		35557725		Stress(66)		17929673	yes	T/T
273081	osa9521317	6	17929730:17929730	A/C	0.156578	C	relative total root volume	9.77e-05	13.6		35557725		Stress(66)		17929730	yes	C/C
273082	osa9521349	6	17930762:17930762	C/T	0.155807	T	relative total root volume	6.24e-05	14.42		35557725		Stress(66)		17930762	yes	T/T
273083	osa9521390	6	17931363:17931363	A/G	0.154307	G	relative total root volume	5.51e-05	14.64		35557725		Stress(66)		17931363	yes	G/G
273392	osa9552771	6	18972018:18972018	A/T	0.395055	A	leaf bronzing score	0.000715	7.46		26152574		Stress(66)		18972018	yes	A/A
273410	osa9569459	6	19329090:19329090	T/C	0.208147	C	rice bacterial blight disease resistance	4.17e-05			34185169		Stress(66)		19329090	yes	C/C
273545	osa9631995	6	20547808:20547808	G/A	0.277108	G	cold tolerance	1.36e-05			34825994		Stress(66)		20547808	yes	G/G
274171	osa9675584	6	21299363:21299363	G/A	0.387894	G	chalk size	5.75e-06			28803900		Plant_quality(26)		21299363	yes	G/G
275470	osa9695261	6	21648355:21648355	G/A	0.432183	A	stem diameter	0.000505			33159401		Plantmorphology(191)		21648355	yes	A/A
275471	osa9695261	6	21648355:21648355	G/A	0.432183	A	stem diameter	0.000288			33159401		Plantmorphology(191)		21648355	yes	A/A
275472	osa9695261	6	21648355:21648355	G/A	0.432183	A	stem diameter	0.000332			33159401		Plantmorphology(191)		21648355	yes	A/A
276821	osa9745629	6	22530807:22530807	C/T	0.469832	C	seed fertility	0.000421			28282385		Plantmorphology(191)		22530807	yes	C/C
276822	osa9745642	6	22530953:22530953	A/G	0.369984	A	seed fertility	0.000593			28282385		Plantmorphology(191)		22530953	yes	A/A
276833	osa9746209	6	22535003:22535003	C/T	0.474819	C	filled grain number	6.19e-05			31792643		Plantmorphology(191)		22535003	yes	C/C
276889	osa9752749	6	22677067:22677067	T/C	0.0837816	T	chlorophyll content	9.2e-06			30796281		Biochemical(103)		22677067	yes	T/T
277104	osa9790446	6	23415231:23415231	T/C	0.0608416	T	panicle inflorescence exsertion	3.96e-05			31535313		Plantmorphology(191)		23415231	yes	T/T
277107	osa9790708	6	23420024:23420024	T/G	0.0619706	T	panicle inflorescence exsertion	6.32e-05			31535313		Plantmorphology(191)		23420024	yes	T/T
277228	osa9797447	6	23598939:23598939	C/T	0.358902	C	stem diameter	0.000971			33159401		Plantmorphology(191)		23598939	yes	C/C
277229	osa9797447	6	23598939:23598939	C/T	0.358902	C	stem diameter	0.00033			33159401		Plantmorphology(191)		23598939	yes	C/C
277230	osa9797488	6	23599942:23599942	G/T	0.374942	G	panicle inflorescence exsertion	8.28e-05			31535313		Plantmorphology(191)		23599942	yes	G/G
277763	osa9832804	6	24418619:24418619	G/A	0.0891014	G	seed weight	0.000824			28282385		Plantmorphology(191)		24418619	yes	G/G
277767	osa9833886	6	24442334:24442334	G/C	0.116671	G	seed weight	0.000388			28282385		Plantmorphology(191)		24442334	yes	G/G
277771	osa9834797	6	24466659:24466659	C/T	0.369006	C	cold tolerance	1.41e-06			26381647		Stress(66)		24466659	yes	C/C
277889	osa9843406	6	24658472:24658472	T/C	0.151266	T	grain cd concentrations	5.57e-06			30804959		Biochemical(103)		24658472	yes	T/T
277890	osa9843510	6	24659707:24659707	C/G	0.349324	C	root length	9.25e-06			29981171		Plantmorphology(191)		24659707	yes	C/C
277935	osa9849067	6	24739210:24739210	T/G	0.0948849	T	seed weight	0.000847			28282385		Plantmorphology(191)		24739210	yes	T/T
277936	osa9849754	6	24749321:24749321	A/C	0.0927577	A	seed weight	0.000968			28282385		Plantmorphology(191)		24749321	yes	A/A
277937	osa9849754	6	24749321:24749321	A/C	0.0927577	A	seed weight	0.000266			28282385		Plantmorphology(191)		24749321	yes	A/A
277939	osa9850580	6	24778800:24778800	C/T	0.0875124	C	seed weight	0.000814			28282385		Plantmorphology(191)		24778800	yes	C/C
278084	osa9871272	6	25220016:25220016	A/G	0.15519	A	panicle length	9.57e-07			34487253		Plantmorphology(191)		25220016	yes	A/A
278404	osa9914531	6	26171396:26171396	A/G	0.160197	A	days to heading	3.31e-07			35371188		Plantgrowth_Development(17)		26171396	yes	A/A
278405	osa9914531	6	26171396:26171396	A/G	0.160197	A	days to heading	4.07e-07			35371188		Plantgrowth_Development(17)		26171396	yes	A/A
278541	osa9949982	6	26898904:26898904	A/G	0.339197	A	percentage of head rice recovery	4.49e-05			30512035		Plant_quality(26)		26898904	yes	A/A
278571	osa9955313	6	27011986:27011986	A/T	0.298314	A	seed calcium concentration	7.59e-06			35371188		Biochemical(103)		27011986	yes	A/A
278632	osa9963269	6	27173811:27173811	C/T	0.436058	C	milled rice yield	0.000449			30512035		Yield(14)		27173811	yes	C/C
278788	osa9976863	6	27451493:27451493	A/C	0.370329	A	percentage of head rice recovery	0.000517			30512035		Plant_quality(26)		27451493	yes	A/A
